2019 MONTHLY CO2 (PPMV)   24  12  LON/LAT (N-S/0-360E) IN 15 DEGREE RESOLUTION,  GLB ANNUAL MEAN = 409.98,  GROWTH RATE = 2.42,  MISS DATA = -99.99
 418.38 418.38 418.38 418.38 418.38 418.38 418.38 418.38 418.38 418.38 418.38 418.38 418.38 418.38 418.38 418.38 418.38 418.38 418.38 418.38 418.38 418.38 418.38 418.38
 419.52 419.82 419.61 417.75 416.55 416.90 419.29 422.43 423.79 422.22 419.35 417.66 418.04 418.73 417.59 415.41 414.43 414.86 415.72 415.86 415.65 415.66 415.77 416.82
 419.23 428.86 419.55 417.36 416.32 415.34 416.45 419.54 421.62 420.79 418.12 416.47 416.58 416.52 415.83 414.39 413.94 414.15 414.47 413.48 414.02 414.51 415.19 416.64
 418.16 418.56 418.70 417.05 416.47 415.98 415.39 416.89 418.73 417.63 416.77 415.33 414.65 414.43 414.03 413.77 413.76 413.52 412.16 411.98 412.25 413.15 414.26 415.33
 414.33 414.79 415.33 414.95 414.60 414.25 414.20 425.19 414.27 415.58 412.58 413.72 412.71 412.47 412.72 413.08 413.28 411.96 411.64 411.06 411.80 412.06 412.76 413.54
 411.26 412.13 412.59 412.38 410.53 408.52 406.73 408.95 411.07 413.55 413.24 412.28 411.22 411.24 411.65 411.78 410.99 410.72 410.78 411.49 411.38 410.94 410.75 410.70
 408.74 408.79 409.90 410.42 407.34 402.05 398.77 402.24 407.69 411.05 410.80 409.98 409.68 410.30 410.56 410.34 409.45 409.20 409.79 410.43 410.32 409.71 409.18 408.63
 406.87 406.78 407.62 408.70 405.69 399.91 396.33 399.72 404.82 408.23 408.16 408.14 408.15 408.73 409.37 408.91 408.33 407.82 407.61 407.48 408.09 408.38 408.22 407.64
 406.62 406.47 406.63 406.77 405.08 402.20 399.78 401.70 404.20 405.64 406.12 406.58 406.66 407.19 407.82 408.23 407.90 407.05 405.73 405.28 405.88 407.03 407.52 407.15
 406.43 406.31 405.98 405.50 404.88 403.83 403.57 404.26 405.43 405.79 406.06 406.03 406.04 405.98 406.72 407.37 407.35 406.22 405.19 404.64 405.14 405.91 406.61 406.63
 406.35 406.36 406.10 405.72 405.22 404.94 405.20 405.57 405.86 405.87 405.92 405.96 405.87 405.77 406.00 406.47 406.37 405.73 405.33 405.26 405.44 405.88 406.19 406.32
 405.83 405.83 405.83 405.83 405.83 405.83 405.83 405.83 405.83 405.83 405.83 405.83 405.83 405.83 405.83 405.83 405.83 405.83 405.83 405.83 405.83 405.83 405.83 405.83
 418.95 418.95 418.95 418.95 418.95 418.95 418.95 418.95 418.95 418.95 418.95 418.95 418.95 418.95 418.95 418.95 418.95 418.95 418.95 418.95 418.95 418.95 418.95 418.95
 419.64 420.15 420.02 418.25 417.09 417.17 418.71 420.87 421.86 421.09 419.77 419.05 419.46 420.00 419.06 417.27 416.36 416.88 417.60 417.57 416.98 416.65 416.57 417.18
 419.47 420.78 420.62 418.32 417.23 416.01 416.56 419.02 420.35 420.04 418.46 417.79 417.89 417.64 416.79 415.36 415.10 415.64 416.63 416.01 415.98 415.86 415.97 417.02
 418.90 420.46 421.18 419.69 417.57 415.86 415.85 417.25 418.79 418.67 417.05 416.38 415.86 415.43 414.58 414.17 414.25 414.66 414.16 414.58 414.52 414.55 415.07 415.92
 416.01 417.81 419.96 418.21 415.92 414.29 414.53 427.20 417.05 416.03 412.65 414.61 413.83 413.38 413.25 413.35 413.72 413.07 413.20 413.01 413.35 413.03 413.30 414.14
 412.20 414.77 415.85 415.05 412.15 410.05 409.73 411.82 413.54 414.74 414.05 413.01 412.00 412.11 412.25 412.22 411.57 411.57 411.84 412.37 411.88 411.04 410.64 410.83
 408.73 409.32 411.07 411.41 409.20 405.69 403.81 406.41 410.00 412.23 411.55 410.39 410.02 410.98 411.22 410.76 409.78 409.65 410.28 410.64 410.03 409.08 408.53 408.06
 406.29 406.32 407.50 408.83 407.30 403.87 401.69 403.78 406.61 408.91 408.57 408.31 408.25 409.21 409.94 409.23 408.44 408.01 407.76 407.43 407.55 407.59 407.38 406.88
 406.34 406.38 406.56 406.81 405.93 404.66 403.34 404.13 405.09 405.92 406.35 406.77 406.91 407.62 408.18 408.49 407.98 407.17 405.80 405.19 405.58 406.50 406.91 406.69
 406.38 406.29 405.96 405.47 405.17 404.94 405.09 405.40 405.78 406.02 406.32 406.46 406.45 406.44 407.01 407.55 407.42 406.30 405.28 404.69 405.09 405.69 406.27 406.38
 406.25 406.27 406.10 405.72 405.30 405.24 405.54 405.93 406.06 406.12 406.31 406.50 406.41 406.26 406.38 406.70 406.46 405.78 405.35 405.28 405.42 405.71 405.94 406.15
 405.95 405.95 405.95 405.95 405.95 405.95 405.95 405.95 405.95 405.95 405.95 405.95 405.95 405.95 405.95 405.95 405.95 405.95 405.95 405.95 405.95 405.95 405.95 405.95
 419.31 419.31 419.31 419.31 419.31 419.31 419.31 419.31 419.31 419.31 419.31 419.31 419.31 419.31 419.31 419.31 419.31 419.31 419.31 419.31 419.31 419.31 419.31 419.31
 418.67 419.19 419.46 418.92 418.05 417.83 418.28 419.39 419.83 419.64 419.26 419.31 419.79 420.30 419.45 417.87 417.37 418.44 419.23 418.97 418.14 417.79 417.88 417.79
 417.44 438.55 418.61 418.65 418.59 417.44 417.61 418.81 419.68 419.58 418.84 418.51 418.52 418.32 417.43 415.92 415.69 416.59 417.89 417.13 416.92 417.08 417.12 417.34
 417.10 417.60 418.97 419.91 419.29 418.62 418.22 418.98 419.36 419.68 418.27 417.64 416.77 416.27 415.43 414.92 414.95 415.58 415.31 415.61 415.45 415.64 416.23 416.32
 415.96 417.54 419.75 418.73 418.02 417.61 418.55 416.77 414.77 417.20 412.97 415.98 414.84 414.17 414.27 414.45 414.88 414.54 414.76 414.28 414.29 413.89 413.95 414.55
 412.30 415.13 416.14 415.38 413.85 413.86 414.30 415.33 415.28 415.60 414.75 413.63 412.41 412.76 413.16 413.17 412.57 412.88 413.38 413.74 412.70 411.33 410.66 410.75
 408.37 409.05 411.04 411.27 410.71 409.17 408.79 409.91 411.45 412.31 411.40 410.06 409.79 411.31 411.84 411.16 409.90 409.99 411.08 411.45 410.38 408.86 408.07 407.48
 405.54 405.67 407.08 408.65 408.46 407.04 406.06 406.88 407.69 408.63 408.01 407.63 407.80 409.25 410.07 408.96 407.79 407.65 407.91 407.89 407.64 407.26 406.77 406.17
 405.84 406.03 406.41 406.95 406.96 406.82 406.31 406.00 405.67 405.65 405.80 406.15 406.64 407.64 407.99 408.02 407.33 406.86 406.05 405.64 405.84 406.36 406.47 406.15
 406.13 406.14 406.05 405.83 405.97 406.18 406.33 406.08 405.88 405.83 405.89 406.00 406.16 406.47 406.89 407.15 406.99 406.26 405.61 405.24 405.42 405.74 406.00 406.03
 406.09 406.23 406.18 406.05 405.93 405.98 405.99 406.02 405.93 405.94 406.02 406.14 406.19 406.21 406.41 406.58 406.38 405.90 405.63 405.57 405.60 405.67 405.72 405.90
 405.99 405.99 405.99 405.99 405.99 405.99 405.99 405.99 405.99 405.99 405.99 405.99 405.99 405.99 405.99 405.99 405.99 405.99 405.99 405.99 405.99 405.99 405.99 405.99
 419.40 419.40 419.40 419.40 419.40 419.40 419.40 419.40 419.40 419.40 419.40 419.40 419.40 419.40 419.40 419.40 419.40 419.40 419.40 419.40 419.40 419.40 419.40 419.40
 416.93 417.58 418.22 419.32 419.19 419.08 419.36 420.24 420.58 420.46 420.02 419.67 419.51 419.56 419.03 417.80 417.08 417.67 418.44 418.61 418.21 417.74 417.35 417.34
 415.10 434.69 415.82 419.07 419.81 418.78 418.88 419.66 420.40 420.22 419.61 418.98 418.61 418.37 417.76 416.55 415.87 416.04 416.95 416.93 416.95 416.84 416.56 416.63
 414.75 413.87 416.46 420.27 420.40 419.54 418.53 418.92 418.98 420.17 418.38 417.66 417.04 416.83 416.43 416.08 415.52 415.48 415.33 415.80 415.70 415.49 415.59 416.20
 414.82 416.02 418.44 418.72 418.00 417.29 417.51 414.57 415.91 416.82 414.01 415.60 415.04 414.96 415.58 415.91 415.79 415.21 415.27 415.09 414.77 413.98 413.91 414.50
 411.99 414.12 414.77 413.80 412.19 411.90 411.50 412.75 413.52 415.06 414.13 412.89 412.18 413.21 414.25 414.32 413.46 413.39 414.07 414.53 413.43 411.87 411.01 411.04
 408.15 407.99 409.08 408.67 407.81 405.96 405.51 407.27 410.23 412.04 411.19 409.53 409.23 411.27 412.28 411.62 409.95 409.99 411.43 412.08 410.91 409.19 408.49 407.90
 405.45 404.90 405.79 406.82 406.10 404.13 402.88 404.58 406.85 408.74 408.07 407.46 407.43 408.93 409.90 408.66 407.27 407.26 408.00 408.35 407.99 407.53 407.14 406.48
 405.83 405.90 406.00 406.43 406.04 405.07 404.14 404.66 405.38 405.97 406.17 406.46 406.68 407.51 407.65 407.47 406.73 406.49 406.14 405.94 406.18 406.56 406.72 406.37
 406.25 406.21 406.23 406.13 406.16 405.86 405.61 405.63 405.89 406.12 406.32 406.42 406.43 406.55 406.72 406.77 406.53 406.11 405.73 405.54 405.65 405.88 406.04 406.06
 406.11 406.22 406.17 406.21 406.28 406.28 406.21 406.12 406.12 406.23 406.42 406.58 406.50 406.41 406.41 406.43 406.22 405.90 405.79 405.74 405.74 405.68 405.70 405.89
 406.11 406.11 406.11 406.11 406.11 406.11 406.11 406.11 406.11 406.11 406.11 406.11 406.11 406.11 406.11 406.11 406.11 406.11 406.11 406.11 406.11 406.11 406.11 406.11
 418.88 418.88 418.88 418.88 418.88 418.88 418.88 418.88 418.88 418.88 418.88 418.88 418.88 418.88 418.88 418.88 418.88 418.88 418.88 418.88 418.88 418.88 418.88 418.88
 415.54 417.15 418.56 420.22 419.65 418.69 418.36 418.94 419.41 419.84 420.26 420.18 419.56 419.02 418.67 417.38 416.00 416.10 417.11 417.52 417.08 416.39 415.80 415.84
 414.39 432.11 417.23 419.66 419.89 418.36 417.29 417.62 418.43 419.35 419.89 419.64 418.89 418.24 417.48 415.91 414.54 414.30 415.18 415.74 415.83 415.73 415.44 414.93
 414.13 416.34 418.66 421.60 420.16 418.28 417.44 416.97 417.53 418.52 418.62 418.16 417.46 417.03 416.45 415.53 414.04 413.60 414.03 414.68 414.84 415.03 414.99 414.80
 415.81 418.50 422.26 419.95 417.28 415.71 415.90 414.62 415.90 416.92 413.82 416.05 415.32 415.41 416.02 415.75 414.67 413.95 414.12 414.49 414.50 414.12 413.91 413.78
 412.69 415.83 416.38 414.79 411.16 409.67 410.01 412.42 414.60 416.25 414.99 413.26 412.22 413.39 414.74 414.52 413.25 412.73 413.56 414.25 413.68 412.34 411.53 411.50
 408.86 408.26 409.10 408.37 406.52 403.83 402.87 406.10 410.62 413.45 412.08 409.78 409.08 411.18 412.38 411.77 409.87 409.74 411.28 412.30 411.38 409.89 409.41 408.85
 405.82 404.76 405.49 406.45 405.09 402.02 400.14 402.88 406.73 409.57 408.62 407.69 407.39 408.79 409.73 408.55 407.18 407.24 408.24 408.86 408.63 408.28 408.09 407.36
 405.96 405.81 405.94 406.47 405.68 403.79 402.27 403.55 405.25 406.30 406.44 406.67 406.86 407.53 407.53 407.30 406.62 406.57 406.49 406.48 406.73 407.24 407.46 406.86
 406.33 406.27 406.43 406.43 406.33 405.51 405.02 405.34 406.04 406.34 406.52 406.63 406.68 406.74 406.75 406.71 406.55 406.32 406.12 405.98 406.15 406.42 406.55 406.36
 406.34 406.45 406.46 406.51 406.58 406.45 406.40 406.32 406.40 406.42 406.55 406.67 406.65 406.61 406.57 406.53 406.40 406.28 406.23 406.21 406.17 406.15 406.10 406.21
 406.42 406.42 406.42 406.42 406.42 406.42 406.42 406.42 406.42 406.42 406.42 406.42 406.42 406.42 406.42 406.42 406.42 406.42 406.42 406.42 406.42 406.42 406.42 406.42
 415.70 415.70 415.70 415.70 415.70 415.70 415.70 415.70 415.70 415.70 415.70 415.70 415.70 415.70 415.70 415.70 415.70 415.70 415.70 415.70 415.70 415.70 415.70 415.70
 412.25 413.74 416.47 418.84 417.53 415.27 414.57 415.39 415.99 416.08 416.60 416.61 416.32 416.04 415.99 415.05 413.26 412.05 413.07 413.79 413.89 413.17 412.44 412.64
 410.89 434.53 414.70 417.74 416.79 414.11 412.63 413.81 414.17 414.83 415.06 415.89 415.67 415.17 415.09 414.37 413.14 412.61 412.00 413.23 413.26 413.02 412.97 412.29
 411.06 413.08 415.94 418.91 416.52 413.32 410.26 410.63 411.72 413.40 413.98 414.60 414.65 414.67 414.39 413.99 412.84 412.46 413.30 413.24 413.08 413.12 413.12 412.41
 413.53 416.31 420.34 418.48 414.61 410.77 407.61 420.96 410.10 413.28 413.42 413.47 413.40 414.06 414.58 414.10 412.84 413.09 413.40 413.91 413.18 412.76 412.30 411.85
 412.32 415.80 416.71 415.29 410.67 406.92 403.46 405.97 409.54 414.58 413.78 412.18 411.50 412.74 413.85 413.30 412.10 411.71 412.67 413.06 412.53 411.27 410.62 410.89
 410.20 410.50 411.35 410.32 407.65 403.62 401.53 404.17 409.52 412.70 412.00 409.87 409.30 410.97 411.88 411.25 409.55 409.37 410.69 411.42 410.58 409.40 409.19 409.24
 407.84 407.55 407.76 408.13 406.35 403.11 401.11 403.69 407.28 409.82 408.80 408.06 407.77 408.94 409.53 408.48 407.31 407.35 408.26 408.82 408.52 408.22 408.31 408.31
 407.49 407.30 407.34 407.42 406.42 404.52 402.88 404.05 405.69 406.51 406.55 406.72 407.10 407.71 407.68 407.40 406.84 406.84 406.89 406.94 407.12 407.44 407.80 407.75
 407.07 407.01 406.91 406.92 406.73 405.91 405.38 405.66 406.38 406.54 406.51 406.63 406.77 406.98 406.98 406.91 406.80 406.67 406.54 406.47 406.59 406.81 407.00 407.10
 406.75 406.79 406.79 406.85 406.96 406.82 406.76 406.63 406.67 406.56 406.53 406.59 406.71 406.81 406.84 406.81 406.72 406.65 406.64 406.64 406.58 406.54 406.52 406.65
 406.71 406.71 406.71 406.71 406.71 406.71 406.71 406.71 406.71 406.71 406.71 406.71 406.71 406.71 406.71 406.71 406.71 406.71 406.71 406.71 406.71 406.71 406.71 406.71
 406.05 406.05 406.05 406.05 406.05 406.05 406.05 406.05 406.05 406.05 406.05 406.05 406.05 406.05 406.05 406.05 406.05 406.05 406.05 406.05 406.05 406.05 406.05 406.05
 405.11 403.63 402.31 402.97 404.90 406.48 406.89 406.24 406.02 406.56 408.30 409.16 409.09 408.47 409.92 411.06 410.26 406.40 405.88 406.48 407.13 406.34 405.13 405.69
 405.78 404.82 405.72 407.34 408.79 408.75 407.67 407.28 406.16 406.86 407.70 409.60 409.84 409.44 411.18 413.77 413.44 410.75 407.30 408.69 408.43 407.17 406.55 406.27
 407.87 409.29 411.13 412.88 411.77 410.33 407.68 407.24 406.90 407.60 408.66 410.38 410.83 410.98 412.65 414.22 413.83 411.91 411.93 410.75 410.09 409.01 408.13 408.01
 410.57 412.70 415.48 414.62 411.97 409.30 406.72 409.07 406.94 409.29 410.29 411.33 411.60 412.23 413.56 413.68 412.46 412.25 412.09 412.40 410.71 409.85 409.38 409.21
 411.03 413.34 413.89 412.93 409.31 406.31 403.26 404.09 405.47 409.39 410.59 410.79 410.96 411.95 413.47 413.87 413.18 412.04 411.61 410.75 409.96 409.23 409.23 409.79
 410.64 411.09 411.20 410.00 407.12 403.23 400.99 402.15 405.07 407.78 409.05 409.21 409.60 410.81 412.63 414.16 413.60 412.09 410.34 409.51 408.76 408.52 408.87 409.44
 409.53 409.63 409.14 408.69 406.32 402.72 400.55 402.00 405.18 407.12 407.55 407.79 408.24 409.18 411.31 413.24 413.11 410.61 408.83 408.28 407.95 408.09 408.58 409.20
 408.92 408.73 408.49 408.11 406.76 404.43 402.55 404.08 406.20 407.25 407.21 407.23 407.38 407.98 409.51 411.23 410.64 408.88 407.36 407.31 407.37 407.67 408.18 408.63
 408.03 407.99 407.75 407.71 407.34 406.24 405.55 405.98 407.01 407.24 407.13 407.00 407.00 407.20 408.01 408.75 408.64 407.74 407.13 407.06 407.10 407.22 407.48 407.89
 407.42 407.50 407.48 407.54 407.67 407.44 407.36 407.22 407.34 407.22 407.09 406.98 406.93 406.95 407.14 407.40 407.46 407.29 407.14 407.12 407.07 406.98 406.99 407.20
 407.20 407.20 407.20 407.20 407.20 407.20 407.20 407.20 407.20 407.20 407.20 407.20 407.20 407.20 407.20 407.20 407.20 407.20 407.20 407.20 407.20 407.20 407.20 407.20
 400.40 400.40 400.40 400.40 400.40 400.40 400.40 400.40 400.40 400.40 400.40 400.40 400.40 400.40 400.40 400.40 400.40 400.40 400.40 400.40 400.40 400.40 400.40 400.40
 401.66 401.49 402.14 403.09 403.90 403.15 401.21 399.33 398.74 398.96 399.98 401.05 402.05 402.26 404.03 404.31 402.99 398.78 398.73 400.13 401.33 401.06 400.16 400.95
 403.91 405.02 405.68 406.93 407.19 405.46 402.68 401.15 399.68 400.15 400.86 402.43 403.70 404.37 406.31 408.76 406.90 403.32 399.81 401.95 402.87 402.35 402.05 402.58
 407.52 409.47 411.18 412.06 409.82 406.94 403.16 402.17 401.49 402.95 403.80 405.52 406.33 406.63 408.73 409.95 409.08 405.69 405.61 404.95 405.38 405.42 404.83 405.40
 409.55 412.26 415.13 413.93 409.92 405.73 401.99 400.87 403.18 405.80 407.36 408.25 408.18 408.05 409.15 409.59 408.35 408.18 407.81 408.20 407.50 407.60 407.86 408.01
 410.05 412.43 413.53 412.50 407.08 401.98 397.57 399.44 402.23 407.47 408.91 409.11 408.45 408.14 408.56 408.73 408.77 408.44 408.59 408.21 408.24 408.37 408.92 408.97
 410.11 410.50 410.62 409.45 404.66 398.20 394.25 396.92 402.24 406.99 408.55 408.38 408.06 407.84 408.03 408.36 408.54 408.38 408.14 408.08 408.37 408.83 409.15 409.39
 409.35 409.22 408.72 408.35 404.36 397.84 393.97 397.09 403.52 407.28 407.77 407.70 407.72 407.92 408.14 408.36 408.41 408.12 407.88 407.94 408.38 408.84 409.21 409.41
 408.66 408.39 408.45 408.40 406.10 401.55 398.13 401.37 405.77 407.82 407.45 407.18 407.32 407.66 408.26 408.42 408.34 407.98 407.83 407.85 408.05 408.43 408.73 408.75
 407.98 408.00 408.16 408.42 407.82 405.52 404.20 405.17 407.29 407.70 407.25 406.98 407.00 407.34 407.87 408.23 408.19 407.94 407.86 407.80 407.87 407.99 408.11 408.16
 407.84 407.93 408.07 408.26 408.43 407.94 407.77 407.57 407.88 407.58 407.19 406.89 406.88 407.05 407.47 407.82 408.02 407.91 407.89 407.88 407.84 407.79 407.78 407.79
 407.74 407.74 407.74 407.74 407.74 407.74 407.74 407.74 407.74 407.74 407.74 407.74 407.74 407.74 407.74 407.74 407.74 407.74 407.74 407.74 407.74 407.74 407.74 407.74
 401.66 401.66 401.66 401.66 401.66 401.66 401.66 401.66 401.66 401.66 401.66 401.66 401.66 401.66 401.66 401.66 401.66 401.66 401.66 401.66 401.66 401.66 401.66 401.66
 403.14 403.64 402.22 401.54 402.78 403.95 403.50 401.96 401.31 401.39 402.04 402.58 403.01 402.73 403.45 403.24 402.93 401.44 401.43 402.05 402.32 401.83 401.00 401.67
 404.12 404.82 405.00 404.70 405.07 405.50 405.07 404.73 403.40 403.12 402.83 403.65 404.33 404.79 405.12 406.05 404.47 403.04 401.62 402.64 403.18 402.64 402.46 402.70
 406.03 407.30 408.47 408.58 406.45 404.24 403.84 404.87 405.33 405.23 404.81 405.34 405.91 406.22 407.20 407.11 406.34 404.11 404.27 404.22 404.50 404.84 404.61 404.85
 407.77 409.38 410.94 410.17 406.04 402.20 399.80 402.24 405.28 406.78 406.81 406.96 407.15 407.45 408.11 407.90 406.54 406.46 406.08 406.30 406.40 406.77 406.99 407.07
 408.64 409.93 410.60 409.85 404.95 398.94 395.70 398.72 403.08 407.16 407.96 407.86 407.91 408.37 408.53 407.90 407.35 407.07 407.38 407.40 407.75 407.96 408.16 408.00
 409.14 409.62 409.60 408.86 403.79 397.37 393.20 396.75 402.28 406.91 407.99 407.92 408.18 408.49 408.85 408.27 407.62 407.23 407.51 407.94 408.50 408.85 408.65 408.57
 409.10 409.31 408.90 408.45 404.31 397.63 393.65 396.98 403.60 407.38 407.70 407.56 407.73 408.22 408.72 408.66 408.04 407.63 407.71 408.15 408.76 408.95 408.86 408.84
 408.68 408.58 408.61 408.47 406.07 401.47 398.00 401.39 405.92 407.97 407.49 407.03 407.11 407.55 408.36 408.61 408.58 408.15 408.13 408.26 408.48 408.63 408.62 408.59
 408.25 408.30 408.33 408.49 407.79 405.51 404.22 405.30 407.46 407.88 407.28 406.79 406.74 407.05 407.64 408.19 408.37 408.30 408.22 408.22 408.28 408.35 408.40 408.42
 408.25 408.25 408.35 408.41 408.47 407.95 407.84 407.71 408.06 407.74 407.21 406.74 406.62 406.75 407.18 407.77 408.21 408.28 408.29 408.29 408.28 408.30 408.29 408.27
 407.94 407.94 407.94 407.94 407.94 407.94 407.94 407.94 407.94 407.94 407.94 407.94 407.94 407.94 407.94 407.94 407.94 407.94 407.94 407.94 407.94 407.94 407.94 407.94
 410.05 410.05 410.05 410.05 410.05 410.05 410.05 410.05 410.05 410.05 410.05 410.05 410.05 410.05 410.05 410.05 410.05 410.05 410.05 410.05 410.05 410.05 410.05 410.05
 411.24 413.96 415.16 414.66 412.98 411.31 410.00 409.63 409.55 409.65 409.79 409.56 409.10 408.51 407.88 408.14 409.43 410.75 410.27 409.73 409.05 408.64 408.17 408.65
 410.84 413.04 413.78 413.11 412.26 411.04 410.84 411.46 411.69 411.32 410.32 409.74 409.25 408.82 408.12 408.40 409.89 411.01 411.18 409.42 408.94 408.46 408.41 408.84
 410.57 411.59 412.10 411.99 411.72 411.71 410.94 412.00 412.42 411.91 410.43 409.28 409.05 408.71 408.57 408.85 410.04 410.67 409.35 408.46 408.15 408.41 408.69 409.13
 410.06 410.75 411.12 410.82 410.38 410.21 409.76 409.44 410.87 411.33 409.78 408.80 408.73 408.64 408.68 409.00 409.54 408.63 408.04 407.33 407.89 408.44 408.95 409.55
 409.60 410.19 410.40 410.02 407.83 405.83 403.51 405.05 407.26 409.59 409.42 408.74 408.80 408.78 408.85 408.63 407.93 407.45 407.25 407.59 408.15 408.74 409.09 409.17
 409.43 409.65 409.65 409.23 405.70 400.77 397.58 400.45 405.03 408.46 408.89 408.78 408.99 408.98 409.03 408.35 407.68 407.23 407.50 408.03 408.73 409.17 409.13 409.04
 409.13 409.31 409.08 408.86 405.29 399.48 395.99 398.93 404.53 407.85 408.34 408.51 408.75 409.00 409.13 408.82 408.10 407.59 407.68 408.11 408.81 409.10 409.08 409.01
 408.76 408.64 408.64 408.44 406.36 402.64 399.75 402.48 406.09 408.00 408.02 408.11 408.40 408.67 409.17 409.00 408.54 407.94 407.87 408.08 408.38 408.73 408.81 408.75
 408.44 408.45 408.34 408.24 407.56 405.81 404.90 405.76 407.50 408.01 407.97 408.00 408.13 408.37 408.71 408.79 408.45 408.11 408.09 408.04 408.20 408.37 408.54 408.54
 408.46 408.53 408.55 408.37 408.19 407.73 407.67 407.68 408.03 408.01 407.95 407.92 408.02 408.14 408.36 408.42 408.40 408.27 408.29 408.35 408.32 408.36 408.39 408.39
 408.28 408.28 408.28 408.28 408.28 408.28 408.28 408.28 408.28 408.28 408.28 408.28 408.28 408.28 408.28 408.28 408.28 408.28 408.28 408.28 408.28 408.28 408.28 408.28
 414.73 414.73 414.73 414.73 414.73 414.73 414.73 414.73 414.73 414.73 414.73 414.73 414.73 414.73 414.73 414.73 414.73 414.73 414.73 414.73 414.73 414.73 414.73 414.73
 415.12 416.74 418.66 418.60 416.72 414.71 414.17 415.04 415.43 414.97 413.80 413.44 413.98 414.80 414.21 413.24 412.80 412.77 412.63 412.86 413.31 413.87 413.64 413.72
 414.09 415.80 415.80 416.22 414.71 413.31 413.83 415.03 416.19 415.60 414.14 412.98 413.17 413.72 413.59 413.13 413.79 413.56 413.09 411.45 412.45 413.04 413.29 413.86
 413.13 411.60 412.34 412.32 413.19 413.90 414.37 415.45 416.11 415.55 414.07 412.53 412.16 412.18 412.49 412.87 413.84 413.74 410.97 410.33 410.85 411.61 412.38 413.00
 410.84 409.57 408.02 409.78 411.31 413.12 414.57 414.65 415.04 414.87 413.27 411.73 411.06 410.80 410.97 411.61 412.47 410.38 410.04 409.01 410.04 410.49 411.01 411.97
 410.27 408.74 408.29 408.55 409.37 409.73 409.55 410.75 412.18 412.79 412.07 410.85 410.36 409.87 410.15 410.18 409.42 409.06 408.76 409.38 409.72 410.02 410.36 410.48
 409.71 409.33 409.14 409.47 407.81 405.25 403.50 405.68 408.60 410.63 410.26 409.90 409.78 409.66 409.79 409.27 408.82 408.41 408.77 409.36 409.89 410.16 410.12 410.01
 409.43 409.38 409.43 409.61 407.33 403.44 401.13 402.99 406.42 408.38 408.69 408.81 409.10 409.46 409.77 409.61 408.84 408.02 408.08 408.57 409.34 409.84 409.97 409.75
 408.99 408.79 408.78 408.67 407.37 405.07 403.23 404.79 406.89 407.98 407.99 408.14 408.51 408.96 409.71 409.42 408.40 407.45 407.30 407.73 408.22 409.06 409.41 409.25
 408.59 408.53 408.34 408.09 407.62 406.59 406.16 406.73 407.84 408.11 408.02 407.98 408.12 408.44 408.99 408.92 408.12 407.46 407.46 407.42 407.78 408.31 408.75 408.79
 408.54 408.56 408.51 408.26 407.99 407.66 407.74 407.90 408.18 408.11 408.01 407.95 407.99 408.12 408.39 408.25 408.04 407.80 407.87 407.99 408.03 408.27 408.44 408.49
 408.19 408.19 408.19 408.19 408.19 408.19 408.19 408.19 408.19 408.19 408.19 408.19 408.19 408.19 408.19 408.19 408.19 408.19 408.19 408.19 408.19 408.19 408.19 408.19
 416.48 416.48 416.48 416.48 416.48 416.48 416.48 416.48 416.48 416.48 416.48 416.48 416.48 416.48 416.48 416.48 416.48 416.48 416.48 416.48 416.48 416.48 416.48 416.48
 417.49 419.40 421.58 421.43 419.30 416.74 415.55 415.97 416.22 416.97 417.24 417.01 416.27 416.16 414.99 413.52 413.19 414.11 414.55 414.74 414.84 415.14 415.21 415.57
 416.22 418.58 418.41 418.92 417.56 415.86 415.91 416.52 417.47 417.71 416.92 416.04 415.72 415.99 414.78 413.30 413.71 414.15 414.48 413.45 414.18 414.49 414.65 415.49
 414.94 413.40 414.38 414.51 416.37 418.03 418.49 418.73 418.55 416.93 415.36 414.45 414.74 414.77 413.89 413.39 414.01 414.24 412.58 412.65 413.02 413.40 413.88 414.63
 412.14 410.60 408.89 411.38 414.78 418.36 421.14 420.32 418.21 416.07 413.66 413.09 413.43 412.87 412.24 412.61 413.34 411.94 412.16 411.54 412.31 412.29 412.58 413.38
 410.97 409.28 408.93 409.69 412.55 415.57 417.06 417.12 416.38 414.03 412.53 411.93 412.00 411.26 411.20 411.46 411.41 411.58 411.47 411.79 411.45 411.08 411.04 411.32
 409.73 409.45 409.70 410.59 410.87 410.56 410.25 411.31 412.07 411.95 410.77 410.46 410.55 410.51 410.72 410.75 410.68 410.52 410.71 410.92 410.52 409.99 409.89 409.94
 409.12 409.21 409.75 410.43 409.65 407.82 406.73 407.49 408.63 409.16 409.18 409.17 409.52 409.98 410.59 410.71 409.85 408.80 408.86 409.14 409.11 409.18 409.31 409.34
 408.79 408.69 408.89 409.00 408.62 407.88 407.15 407.59 408.16 408.42 408.42 408.49 408.79 409.33 410.28 409.90 408.32 407.12 407.13 407.63 407.93 408.59 408.98 408.97
 408.52 408.48 408.32 408.12 407.97 407.70 407.82 408.12 408.59 408.64 408.51 408.33 408.38 408.69 409.26 408.94 407.74 407.00 407.22 407.32 407.65 408.15 408.61 408.67
 408.52 408.54 408.51 408.29 408.04 407.92 408.17 408.48 408.71 408.66 408.53 408.39 408.30 408.36 408.49 408.10 407.71 407.46 407.66 407.81 407.93 408.25 408.49 408.52
 408.29 408.29 408.29 408.29 408.29 408.29 408.29 408.29 408.29 408.29 408.29 408.29 408.29 408.29 408.29 408.29 408.29 408.29 408.29 408.29 408.29 408.29 408.29 408.29
