2014 MONTHLY CO2 (PPMV)   24  12  LON/LAT (N-S/0-360E) IN 15 DEGREE RESOLUTION,  GLB ANNUAL MEAN = 397.90,  GROWTH RATE = 2.20,  MISS DATA = -99.99
 404.81 404.81 404.81 404.81 404.81 404.81 404.81 404.81 404.81 404.81 404.81 404.81 404.81 404.81 404.81 404.81 404.81 404.81 404.81 404.81 404.81 404.81 404.81 404.81
 405.72 408.48 409.07 407.87 406.00 404.74 405.09 405.96 405.88 404.95 403.69 402.86 402.86 403.03 402.76 403.46 403.93 404.47 404.25 403.67 403.19 402.42 402.09 402.71
 404.00 406.50 406.26 405.03 403.05 402.87 403.39 404.70 404.88 403.86 402.70 402.04 401.99 402.15 402.80 402.95 403.65 403.84 404.53 405.28 403.88 402.29 401.14 401.30
 400.25 400.64 401.38 401.72 403.48 404.31 406.25 406.14 405.30 401.89 401.45 400.90 400.47 400.50 401.11 402.52 401.06 401.15 403.20 404.35 403.57 401.13 399.52 399.42
 397.00 395.10 394.87 400.76 405.79 408.67 410.36 410.76 404.67 400.97 399.87 399.37 398.61 398.33 399.41 399.96 399.24 398.45 399.65 401.54 400.83 399.04 397.86 397.44
 395.22 392.76 393.46 399.80 407.27 411.08 413.27 409.31 404.63 398.74 398.05 397.54 396.80 396.83 397.23 397.51 396.57 396.08 396.69 397.80 398.10 397.10 396.38 396.02
 393.94 393.05 394.07 397.96 404.43 409.54 410.47 406.83 400.89 396.97 395.94 395.43 395.41 395.93 396.15 395.62 394.54 394.38 395.12 395.88 396.17 395.76 395.16 394.70
 393.68 393.60 394.02 395.54 399.19 403.82 405.91 402.35 397.24 394.09 393.84 393.92 394.31 395.14 395.07 393.96 393.04 393.09 393.68 394.37 394.78 394.69 394.42 394.05
 393.52 393.41 393.27 393.21 395.11 397.86 399.97 397.58 394.84 392.66 392.71 392.85 393.57 394.28 394.13 393.42 392.77 392.76 392.87 393.05 393.24 393.47 393.71 393.67
 393.18 393.00 392.59 392.26 392.78 393.72 394.16 393.63 392.76 392.24 392.12 392.32 392.76 393.38 393.47 393.12 392.74 392.58 392.50 392.44 392.48 392.66 392.89 393.11
 392.73 392.72 392.51 392.44 392.49 392.44 392.31 392.19 392.13 392.02 391.98 392.00 392.23 392.62 392.94 392.89 392.61 392.41 392.34 392.26 392.33 392.35 392.44 392.58
 392.33 392.33 392.33 392.33 392.33 392.33 392.33 392.33 392.33 392.33 392.33 392.33 392.33 392.33 392.33 392.33 392.33 392.33 392.33 392.33 392.33 392.33 392.33 392.33
 403.71 403.71 403.71 403.71 403.71 403.71 403.71 403.71 403.71 403.71 403.71 403.71 403.71 403.71 403.71 403.71 403.71 403.71 403.71 403.71 403.71 403.71 403.71 403.71
 405.72 406.91 406.16 404.59 403.79 403.38 403.32 403.24 402.99 403.06 403.58 403.69 403.50 403.15 403.40 404.66 405.32 405.23 404.28 403.39 402.99 402.61 402.63 403.32
 405.08 407.14 405.51 403.49 402.59 402.92 403.21 404.15 404.11 403.87 403.38 403.42 403.19 403.03 403.09 403.73 404.55 404.51 404.38 404.48 403.50 402.48 401.69 402.08
 402.72 403.34 403.00 402.40 403.76 404.41 405.33 405.56 405.39 402.96 402.60 402.56 402.15 401.84 401.93 402.64 401.94 401.90 402.94 403.79 403.30 401.64 400.52 400.91
 399.72 398.35 398.32 402.42 406.70 408.72 409.20 408.70 404.20 401.60 400.81 401.06 400.70 399.78 399.93 400.21 399.14 398.71 400.24 401.69 401.33 400.04 399.45 399.34
 396.62 395.15 396.19 401.74 408.48 412.45 414.02 409.26 403.80 398.33 398.51 398.94 398.60 398.31 397.77 397.36 396.29 396.65 397.72 399.02 399.31 398.42 397.71 397.29
 394.42 393.53 395.50 399.76 407.02 413.05 415.68 410.09 401.48 395.87 395.71 396.19 396.67 396.77 396.30 394.85 394.49 395.02 396.26 397.16 397.55 396.89 395.93 395.15
 393.19 393.07 394.02 396.49 401.57 408.08 411.62 406.47 398.38 393.22 393.50 393.91 394.66 395.36 394.97 394.28 393.66 394.08 394.63 395.32 395.72 395.36 394.72 394.02
 393.08 392.89 393.12 393.43 396.37 400.30 403.29 399.64 395.37 392.17 392.34 392.53 393.18 393.85 394.23 394.00 393.75 393.62 393.55 393.65 393.79 393.77 393.72 393.40
 392.58 392.37 392.06 391.83 392.62 394.00 394.78 394.01 392.78 391.96 391.84 391.92 392.28 392.89 393.61 393.81 393.58 393.22 392.93 392.84 392.73 392.73 392.68 392.71
 392.23 392.15 392.01 392.00 392.07 392.12 392.09 392.06 391.98 391.77 391.64 391.69 391.88 392.38 393.00 393.40 393.18 392.83 392.66 392.53 392.43 392.25 392.18 392.20
 392.17 392.17 392.17 392.17 392.17 392.17 392.17 392.17 392.17 392.17 392.17 392.17 392.17 392.17 392.17 392.17 392.17 392.17 392.17 392.17 392.17 392.17 392.17 392.17
 404.17 404.17 404.17 404.17 404.17 404.17 404.17 404.17 404.17 404.17 404.17 404.17 404.17 404.17 404.17 404.17 404.17 404.17 404.17 404.17 404.17 404.17 404.17 404.17
 403.37 403.54 403.78 403.88 403.49 402.87 403.23 404.56 406.16 406.63 406.62 405.73 404.57 403.24 403.12 404.12 405.13 405.55 405.08 404.07 403.52 403.13 403.49 403.46
 402.35 402.93 402.85 403.03 402.43 402.53 402.99 405.26 406.66 407.23 406.14 405.49 404.49 403.53 402.83 403.23 403.63 405.10 404.79 405.41 403.51 403.24 402.52 402.06
 400.93 401.05 401.28 401.92 403.35 403.84 404.82 405.82 407.18 405.21 404.55 403.79 403.23 402.33 401.87 401.90 401.08 401.63 404.18 404.29 403.66 402.47 401.36 400.93
 399.55 398.55 398.73 402.38 405.42 406.53 406.76 407.56 404.68 403.19 401.89 401.69 401.18 400.45 400.03 399.86 398.30 399.27 400.51 402.83 401.82 400.94 399.98 399.44
 396.91 396.07 397.28 402.17 406.74 407.84 407.94 405.24 402.87 399.41 399.32 399.18 398.90 398.83 398.20 397.36 396.50 397.08 398.48 399.80 400.32 399.13 398.07 397.45
 394.70 394.33 396.81 400.91 405.21 406.88 406.50 403.53 399.69 396.58 396.23 396.30 396.69 397.11 396.73 395.29 394.92 395.59 396.85 397.88 398.33 397.47 396.17 395.20
 393.35 393.59 395.04 397.78 400.73 402.84 403.78 400.94 396.58 393.55 393.57 393.70 394.34 395.32 395.22 394.71 394.12 394.51 395.05 395.75 396.23 395.69 394.84 394.02
 393.22 393.19 393.76 394.35 396.03 397.87 399.45 397.10 394.56 392.25 392.19 392.10 392.61 393.54 394.32 394.41 394.22 394.00 393.73 393.80 393.94 393.92 393.83 393.51
 392.76 392.62 392.42 392.30 392.81 393.68 394.25 393.72 392.79 392.04 391.74 391.58 391.71 392.43 393.55 394.12 393.96 393.46 393.04 392.88 392.85 392.88 392.86 392.90
 392.44 392.36 392.28 392.25 392.21 392.25 392.33 392.41 392.24 391.91 391.66 391.57 391.50 391.90 392.73 393.48 393.40 392.98 392.74 392.65 392.60 392.48 392.43 392.45
 392.29 392.29 392.29 392.29 392.29 392.29 392.29 392.29 392.29 392.29 392.29 392.29 392.29 392.29 392.29 392.29 392.29 392.29 392.29 392.29 392.29 392.29 392.29 392.29
 404.74 404.74 404.74 404.74 404.74 404.74 404.74 404.74 404.74 404.74 404.74 404.74 404.74 404.74 404.74 404.74 404.74 404.74 404.74 404.74 404.74 404.74 404.74 404.74
 404.53 404.95 405.61 405.57 404.49 403.40 403.78 405.01 405.83 406.22 406.53 405.97 404.98 403.95 403.47 403.85 404.26 404.45 403.83 403.36 403.40 403.71 404.34 404.33
 403.55 404.32 404.76 404.59 403.46 402.31 401.76 404.03 405.98 407.41 406.75 405.76 404.62 403.88 403.24 403.23 402.56 402.52 401.83 402.86 402.68 403.34 403.46 403.37
 402.11 402.94 403.66 403.75 403.17 402.41 402.65 403.34 406.31 406.33 405.60 404.00 403.20 402.63 402.63 402.28 400.47 399.01 400.57 401.86 402.20 402.41 402.36 402.01
 400.65 401.07 402.31 403.05 403.66 404.17 404.58 405.67 404.33 404.50 403.26 401.88 400.82 400.80 400.67 400.29 398.05 397.95 398.68 400.85 401.21 401.21 400.95 400.35
 398.49 399.19 399.93 401.76 403.76 405.40 406.96 405.01 403.37 401.06 400.60 399.28 398.51 398.53 398.27 397.37 396.81 397.30 398.43 399.56 400.34 399.91 399.15 398.45
 396.68 396.68 398.01 399.61 403.06 405.89 407.39 404.75 401.02 398.18 397.42 396.47 396.12 396.57 396.15 395.11 394.95 395.82 397.11 398.36 399.02 398.46 397.40 396.53
 395.04 395.17 395.65 396.91 399.71 403.23 405.13 402.45 397.77 394.74 394.22 393.81 393.98 394.79 394.67 394.38 393.99 394.65 395.52 396.56 397.14 396.76 396.12 395.48
 394.39 394.17 394.35 394.44 396.21 398.49 400.50 398.00 395.29 392.85 392.64 392.34 392.60 393.28 394.00 394.20 394.22 394.24 394.47 394.80 394.99 394.97 394.96 394.63
 393.47 393.30 393.04 392.92 393.31 394.18 394.74 394.24 393.24 392.59 392.31 392.04 391.95 392.43 393.38 393.98 394.06 393.94 393.81 393.90 393.76 393.70 393.58 393.66
 392.90 392.84 392.77 392.72 392.63 392.64 392.72 392.77 392.69 392.50 392.34 392.20 391.96 392.09 392.72 393.48 393.70 393.57 393.48 393.37 393.30 392.99 392.82 392.85
 392.73 392.73 392.73 392.73 392.73 392.73 392.73 392.73 392.73 392.73 392.73 392.73 392.73 392.73 392.73 392.73 392.73 392.73 392.73 392.73 392.73 392.73 392.73 392.73
 404.08 404.08 404.08 404.08 404.08 404.08 404.08 404.08 404.08 404.08 404.08 404.08 404.08 404.08 404.08 404.08 404.08 404.08 404.08 404.08 404.08 404.08 404.08 404.08
 403.18 403.11 403.05 402.84 402.44 401.88 403.17 404.97 406.31 406.00 405.24 404.54 404.63 404.74 404.36 403.84 402.83 401.81 401.21 401.64 402.32 402.75 403.30 403.15
 401.09 401.60 401.86 402.49 402.09 401.15 399.60 401.91 403.91 405.72 404.60 403.80 403.80 403.88 403.47 403.04 401.84 400.56 399.61 400.62 401.27 402.40 402.21 401.71
 399.57 399.26 400.68 401.51 401.68 400.37 398.37 397.79 402.13 404.11 403.64 402.63 402.45 402.32 402.30 401.61 400.43 399.55 399.68 400.15 401.12 401.59 401.37 400.62
 398.89 398.18 398.71 399.98 401.27 401.25 398.89 398.69 399.95 402.62 401.96 401.00 400.14 400.22 399.78 399.67 398.94 399.35 399.58 400.42 400.66 400.90 400.48 399.65
 398.20 397.74 396.88 397.74 400.56 402.41 402.66 400.61 399.73 399.54 399.54 398.39 397.63 397.49 397.19 396.80 396.99 398.07 399.03 399.93 400.48 399.90 399.09 398.31
 396.80 396.01 395.66 395.70 399.87 404.10 407.03 403.63 399.41 396.51 396.31 395.63 395.17 395.42 394.95 394.45 394.68 395.94 397.60 399.04 399.63 398.90 397.54 396.56
 395.17 394.93 394.37 394.41 397.49 402.87 405.94 402.98 397.44 393.85 393.70 393.66 393.73 394.08 393.78 393.65 393.54 394.63 395.91 397.33 397.96 397.34 396.39 395.55
 394.48 394.13 393.88 393.55 395.52 398.38 400.96 398.26 395.17 392.72 392.77 392.89 393.16 393.38 393.67 393.90 394.23 394.59 395.20 395.67 395.86 395.52 395.21 394.73
 393.59 393.46 393.25 393.18 393.59 394.45 394.95 394.37 393.40 392.73 392.66 392.67 392.83 393.12 393.60 394.06 394.32 394.47 394.49 394.68 394.42 394.20 393.81 393.80
 393.08 393.04 392.98 393.03 393.07 393.07 393.03 393.01 392.90 392.72 392.60 392.60 392.67 392.95 393.40 393.93 394.16 394.08 394.05 393.93 393.83 393.34 393.06 393.04
 393.11 393.11 393.11 393.11 393.11 393.11 393.11 393.11 393.11 393.11 393.11 393.11 393.11 393.11 393.11 393.11 393.11 393.11 393.11 393.11 393.11 393.11 393.11 393.11
 398.45 398.45 398.45 398.45 398.45 398.45 398.45 398.45 398.45 398.45 398.45 398.45 398.45 398.45 398.45 398.45 398.45 398.45 398.45 398.45 398.45 398.45 398.45 398.45
 398.52 398.50 399.47 399.49 398.61 397.23 397.14 397.90 398.49 398.87 399.37 399.64 399.82 400.08 399.22 396.70 394.32 392.32 392.88 394.83 397.26 398.63 399.10 398.57
 396.00 397.04 398.03 399.04 397.97 396.44 395.49 397.06 398.36 399.60 399.48 399.42 399.43 399.34 398.83 397.57 395.42 392.20 390.83 392.26 396.27 398.01 397.96 397.10
 395.64 395.10 397.05 397.95 397.59 396.18 395.29 395.81 398.44 399.55 399.57 399.32 399.15 399.05 398.94 398.05 397.79 395.23 392.46 393.72 396.48 397.78 397.56 396.89
 396.69 395.69 395.76 396.90 397.67 397.71 397.11 397.27 397.61 398.95 399.05 398.82 398.45 398.38 397.91 398.24 398.75 397.50 397.04 396.15 397.89 398.20 398.12 397.36
 397.26 396.63 395.40 395.51 397.58 399.96 401.29 399.48 397.79 396.92 397.51 397.37 397.15 396.79 396.50 396.52 396.79 397.69 397.97 398.70 398.94 398.75 397.93 397.48
 396.49 395.80 395.20 394.68 397.74 401.82 405.07 402.15 397.60 394.76 395.17 395.58 395.54 395.45 395.03 394.81 395.17 396.12 397.45 398.66 399.17 398.39 397.11 396.25
 395.37 395.15 394.60 394.26 396.56 401.13 403.93 401.32 396.25 392.97 393.65 394.25 394.64 394.74 394.44 394.40 394.43 395.20 396.14 397.19 397.70 397.06 396.22 395.54
 395.13 394.95 394.48 394.02 395.48 397.71 399.73 397.38 394.68 392.91 393.36 393.92 394.25 394.35 394.59 394.76 394.96 395.10 395.42 395.71 395.83 395.52 395.29 395.13
 394.48 394.34 394.02 393.84 394.11 394.72 394.96 394.32 393.68 393.36 393.68 393.84 394.05 394.22 394.57 394.88 394.95 394.88 394.76 394.84 394.62 394.41 394.12 394.38
 393.75 393.72 393.59 393.64 393.71 393.63 393.47 393.35 393.41 393.57 393.70 393.81 393.89 394.11 394.43 394.70 394.67 394.45 394.33 394.23 394.11 393.67 393.46 393.58
 393.71 393.71 393.71 393.71 393.71 393.71 393.71 393.71 393.71 393.71 393.71 393.71 393.71 393.71 393.71 393.71 393.71 393.71 393.71 393.71 393.71 393.71 393.71 393.71
 390.08 390.08 390.08 390.08 390.08 390.08 390.08 390.08 390.08 390.08 390.08 390.08 390.08 390.08 390.08 390.08 390.08 390.08 390.08 390.08 390.08 390.08 390.08 390.08
 391.79 390.65 390.75 389.95 390.63 391.50 391.70 391.68 391.79 392.60 392.53 391.68 390.47 390.39 390.55 388.52 385.47 383.55 384.93 388.26 391.32 393.26 393.55 392.07
 390.46 392.28 392.27 392.41 392.14 391.89 392.89 394.21 395.86 396.18 395.36 393.25 392.02 392.15 392.63 391.76 388.51 384.53 384.97 387.50 391.64 392.14 392.16 391.21
 392.12 392.17 394.38 394.50 393.55 392.57 392.76 395.42 397.78 399.06 397.58 395.61 394.52 394.69 395.40 395.16 393.58 389.98 387.99 390.78 392.01 392.51 392.19 392.12
 394.08 393.94 394.28 395.19 395.16 394.66 395.03 395.08 396.69 397.61 397.74 396.79 396.37 396.41 396.88 397.21 396.52 393.97 394.16 393.11 394.34 393.83 394.56 394.40
 395.97 395.89 395.26 395.00 396.00 398.43 399.62 397.95 395.91 395.24 396.21 396.36 396.32 396.31 396.48 396.11 395.16 395.27 395.26 395.94 395.71 396.29 396.13 396.41
 396.32 396.15 395.91 395.28 397.58 401.35 405.18 402.21 397.36 394.35 394.91 395.33 395.37 395.38 395.26 394.86 394.86 395.07 395.77 396.28 396.68 396.62 396.49 396.29
 395.90 395.84 395.59 395.29 397.35 401.84 404.88 402.50 397.50 394.20 394.51 394.77 394.97 394.96 394.75 394.82 394.91 395.28 395.64 396.02 396.25 396.28 396.19 396.03
 395.62 395.49 395.24 394.95 396.47 398.69 400.70 398.54 396.08 394.30 394.57 394.82 394.92 394.86 394.91 395.00 395.22 395.38 395.57 395.70 395.77 395.70 395.70 395.64
 395.03 394.94 394.70 394.55 394.82 395.47 395.80 395.34 394.69 394.46 394.71 394.86 394.93 394.94 395.05 395.18 395.29 395.36 395.38 395.46 395.29 395.06 394.79 394.98
 394.45 394.42 394.33 394.35 394.31 394.26 394.22 394.20 394.31 394.57 394.79 394.87 394.89 394.96 395.07 395.20 395.27 395.26 395.23 395.21 394.97 394.47 394.18 394.30
 394.60 394.60 394.60 394.60 394.60 394.60 394.60 394.60 394.60 394.60 394.60 394.60 394.60 394.60 394.60 394.60 394.60 394.60 394.60 394.60 394.60 394.60 394.60 394.60
 387.93 387.93 387.93 387.93 387.93 387.93 387.93 387.93 387.93 387.93 387.93 387.93 387.93 387.93 387.93 387.93 387.93 387.93 387.93 387.93 387.93 387.93 387.93 387.93
 389.33 388.54 389.39 388.76 390.14 391.54 391.43 390.52 390.24 390.08 388.36 386.87 386.42 387.43 389.24 389.71 388.18 385.85 385.25 386.49 388.55 389.92 389.81 388.76
 389.45 392.03 391.01 391.04 391.59 392.46 393.85 394.19 394.74 393.43 391.15 388.57 388.35 390.10 392.13 392.67 391.05 386.51 385.61 386.90 390.20 390.15 389.64 389.19
 391.81 391.55 393.01 392.78 393.21 393.72 395.01 397.17 397.60 396.37 393.81 391.76 391.55 393.14 395.18 395.99 394.17 390.23 387.42 389.90 391.34 391.39 390.61 390.75
 392.69 392.36 392.20 394.18 395.57 396.53 398.33 398.16 396.90 395.11 394.37 393.80 394.24 395.42 397.13 397.19 395.86 392.22 392.41 391.72 393.14 392.70 393.06 393.19
 394.31 393.89 394.02 394.73 397.07 400.98 403.53 400.89 396.56 393.12 393.72 394.48 395.30 396.16 396.78 396.24 394.31 393.76 393.53 394.24 393.98 394.56 394.56 394.87
 394.99 395.15 395.32 395.54 398.87 404.04 408.70 404.88 397.92 393.49 393.82 394.70 395.27 395.56 395.65 394.85 394.35 394.07 394.49 394.77 395.00 395.00 395.10 395.14
 395.36 395.45 395.57 395.55 398.40 404.05 407.81 404.67 398.60 394.54 394.76 394.98 395.23 395.23 394.96 394.78 394.60 394.79 395.08 395.34 395.34 395.26 395.21 395.24
 395.58 395.69 395.47 395.31 397.29 400.17 402.70 400.29 397.32 395.00 394.99 395.08 395.24 395.07 394.83 394.62 394.71 395.02 395.55 395.81 395.74 395.45 395.30 395.39
 395.59 395.53 395.29 395.08 395.45 396.31 396.92 396.51 395.50 394.74 394.58 394.82 395.14 395.15 394.91 394.75 394.88 395.34 395.70 395.93 395.72 395.43 395.14 395.32
 395.22 395.20 395.05 395.00 394.93 395.04 395.16 395.24 395.01 394.62 394.38 394.47 394.84 395.07 395.06 394.99 395.21 395.52 395.69 395.70 395.52 395.11 394.90 395.06
 395.03 395.03 395.03 395.03 395.03 395.03 395.03 395.03 395.03 395.03 395.03 395.03 395.03 395.03 395.03 395.03 395.03 395.03 395.03 395.03 395.03 395.03 395.03 395.03
 392.46 392.46 392.46 392.46 392.46 392.46 392.46 392.46 392.46 392.46 392.46 392.46 392.46 392.46 392.46 392.46 392.46 392.46 392.46 392.46 392.46 392.46 392.46 392.46
 395.05 395.47 395.42 393.74 394.33 395.46 395.34 394.55 394.25 394.58 394.14 393.10 392.11 391.60 393.12 395.19 394.67 392.81 390.38 389.96 390.57 391.16 391.59 392.35
 395.94 398.89 396.67 394.56 394.88 396.03 397.13 396.90 396.93 396.14 395.27 393.98 393.44 394.24 394.82 395.90 397.10 393.76 391.70 390.28 390.95 391.28 391.82 392.97
 395.93 396.90 396.87 395.41 396.09 396.85 397.19 398.23 397.87 397.27 395.57 394.22 394.42 395.30 396.14 397.17 396.80 396.15 392.62 391.42 391.38 391.96 392.52 393.43
 394.31 394.13 394.33 396.12 398.34 399.37 399.61 398.14 397.36 395.70 394.67 394.20 394.77 395.88 397.03 396.87 396.92 395.05 394.62 392.67 392.64 392.92 393.84 394.22
 394.55 394.20 394.69 396.45 399.73 403.43 404.66 401.60 397.24 394.02 393.97 394.32 395.25 396.39 396.82 396.50 394.92 394.42 393.96 393.95 393.73 394.15 394.49 394.84
 394.99 395.10 395.30 396.12 400.44 405.99 410.57 406.21 398.92 394.09 394.26 394.85 395.53 396.04 396.24 395.30 394.70 394.45 394.65 394.71 394.71 394.73 394.87 395.02
 395.38 395.53 395.52 395.64 398.99 405.30 409.37 405.90 399.30 394.80 394.96 395.13 395.43 395.61 395.37 395.10 394.79 395.05 395.39 395.69 395.51 395.27 395.11 395.17
 395.47 395.54 395.46 395.39 397.62 400.81 403.59 401.01 397.73 395.16 395.04 395.10 395.28 395.20 395.01 394.80 394.89 395.34 396.14 396.49 396.34 395.79 395.37 395.31
 395.47 395.49 395.41 395.37 395.88 396.93 397.59 397.12 395.96 395.01 394.72 394.86 395.13 395.19 395.01 394.89 395.08 395.71 396.22 396.61 396.32 395.89 395.41 395.37
 395.39 395.43 395.42 395.41 395.47 395.62 395.79 395.87 395.54 394.94 394.56 394.59 394.86 395.09 395.14 395.15 395.46 395.80 396.01 395.97 395.90 395.51 395.32 395.29
 395.37 395.37 395.37 395.37 395.37 395.37 395.37 395.37 395.37 395.37 395.37 395.37 395.37 395.37 395.37 395.37 395.37 395.37 395.37 395.37 395.37 395.37 395.37 395.37
 399.00 399.00 399.00 399.00 399.00 399.00 399.00 399.00 399.00 399.00 399.00 399.00 399.00 399.00 399.00 399.00 399.00 399.00 399.00 399.00 399.00 399.00 399.00 399.00
 400.31 401.36 400.94 399.44 399.26 399.66 400.01 400.25 400.26 400.50 400.62 400.45 400.31 399.94 400.60 402.04 402.40 401.32 399.02 397.14 396.30 395.98 396.50 397.48
 400.75 403.35 402.02 400.68 399.74 399.59 400.19 401.15 401.65 401.33 400.63 400.16 400.09 400.44 399.75 400.39 402.37 402.43 400.89 398.83 396.71 396.39 396.40 397.81
 399.18 400.49 402.08 402.27 402.23 400.97 399.71 400.69 401.34 401.06 399.66 398.65 398.74 398.90 398.50 398.59 399.32 401.73 400.88 398.52 397.23 396.46 396.26 397.05
 396.29 396.80 398.60 402.96 405.98 405.46 403.03 400.71 400.32 399.25 397.93 397.17 397.14 397.44 397.40 396.92 397.37 398.25 399.00 398.19 396.50 396.18 396.19 396.42
 395.84 395.47 397.01 401.54 407.36 410.96 410.56 405.68 400.79 397.20 396.83 396.36 396.54 397.21 397.17 396.85 395.77 396.18 396.48 396.50 395.87 395.66 395.94 396.02
 395.85 395.73 396.28 398.49 406.13 413.58 418.86 412.38 402.98 396.28 396.17 396.03 396.35 396.81 397.03 396.13 395.80 395.82 396.10 395.74 395.50 395.52 395.87 396.02
 395.99 396.03 395.86 396.47 401.91 411.24 416.97 411.80 402.30 395.72 395.58 395.48 395.64 396.16 396.25 396.15 395.85 396.00 396.06 396.07 395.85 395.91 395.97 396.02
 395.67 395.56 395.55 395.44 398.94 403.79 408.19 404.13 399.28 395.35 395.17 395.01 395.11 395.44 395.77 395.87 395.90 396.07 396.37 396.45 396.36 396.12 395.94 395.75
 395.37 395.34 395.27 395.29 396.13 397.72 398.75 398.04 396.39 395.29 395.02 394.91 394.88 395.15 395.57 395.84 395.94 396.15 396.29 396.48 396.25 395.99 395.62 395.49
 395.28 395.27 395.30 395.32 395.37 395.57 395.80 395.95 395.70 395.29 395.03 394.94 394.91 395.05 395.40 395.74 395.96 396.01 396.05 395.97 395.89 395.56 395.35 395.29
 395.46 395.46 395.46 395.46 395.46 395.46 395.46 395.46 395.46 395.46 395.46 395.46 395.46 395.46 395.46 395.46 395.46 395.46 395.46 395.46 395.46 395.46 395.46 395.46
 403.32 403.32 403.32 403.32 403.32 403.32 403.32 403.32 403.32 403.32 403.32 403.32 403.32 403.32 403.32 403.32 403.32 403.32 403.32 403.32 403.32 403.32 403.32 403.32
 403.70 405.34 404.99 403.24 402.52 402.84 403.49 404.14 404.07 403.38 402.41 402.41 403.63 404.12 404.38 406.77 408.52 408.74 405.70 402.57 400.57 399.64 400.13 400.60
 402.67 405.57 404.81 403.29 402.28 402.31 403.18 404.92 405.54 404.44 402.46 401.87 402.87 403.87 402.89 403.80 407.35 408.62 406.68 403.95 400.59 399.97 399.66 400.32
 401.00 402.20 404.00 405.46 406.29 405.52 405.26 406.70 407.13 404.46 402.22 400.86 401.13 401.39 400.79 401.29 402.03 405.02 404.84 402.58 400.83 399.76 399.36 399.15
 398.29 398.47 400.98 407.85 412.46 412.03 409.84 409.40 406.69 403.59 400.98 399.61 398.91 398.95 398.87 398.45 398.29 399.44 400.85 401.25 399.53 399.12 398.71 398.68
 397.45 397.10 399.38 407.34 414.68 416.68 414.92 410.11 405.88 400.98 399.62 398.44 397.82 397.97 397.93 397.40 396.27 396.93 397.90 398.68 398.46 397.94 397.94 397.70
 397.08 396.99 398.31 402.29 410.13 415.36 415.90 410.42 403.52 398.66 397.76 397.23 397.16 397.39 397.37 396.33 396.06 396.25 397.06 397.22 397.30 397.27 397.33 397.27
 396.86 397.02 396.99 398.34 402.77 409.02 411.88 407.18 400.57 396.27 396.06 395.89 396.05 396.57 396.60 396.36 396.06 396.22 396.33 396.47 396.63 396.88 397.04 397.02
 396.18 395.97 396.08 396.04 398.40 401.72 404.55 401.58 398.04 395.29 395.23 395.08 395.20 395.67 396.11 396.20 396.16 396.09 395.97 395.91 396.01 396.23 396.48 396.36
 395.50 395.44 395.36 395.41 396.00 397.02 397.63 397.04 395.92 395.18 395.03 394.90 394.83 395.18 395.78 396.14 396.10 395.91 395.73 395.67 395.60 395.62 395.65 395.71
 395.26 395.22 395.26 395.34 395.41 395.47 395.49 395.49 395.37 395.19 395.05 394.97 394.88 395.02 395.46 395.88 395.89 395.71 395.61 395.53 395.41 395.26 395.20 395.23
 395.31 395.31 395.31 395.31 395.31 395.31 395.31 395.31 395.31 395.31 395.31 395.31 395.31 395.31 395.31 395.31 395.31 395.31 395.31 395.31 395.31 395.31 395.31 395.31
 406.28 406.28 406.28 406.28 406.28 406.28 406.28 406.28 406.28 406.28 406.28 406.28 406.28 406.28 406.28 406.28 406.28 406.28 406.28 406.28 406.28 406.28 406.28 406.28
 408.46 410.43 410.02 408.05 406.12 405.32 405.95 407.26 407.53 406.44 404.53 403.27 403.26 403.42 404.48 408.99 411.17 411.11 407.13 404.22 402.71 402.40 403.71 405.12
 406.75 408.80 407.47 405.38 403.74 403.58 404.43 406.57 407.51 406.32 404.22 402.58 402.18 402.27 403.10 406.10 410.72 410.48 407.52 404.92 402.36 402.75 402.76 403.69
 402.15 402.98 403.62 404.68 406.29 406.73 408.61 409.96 409.89 405.67 403.74 401.98 400.87 400.59 401.33 404.08 405.06 407.05 405.19 403.01 402.63 402.02 401.22 401.06
 398.07 397.04 398.88 406.18 411.82 413.82 415.05 416.67 410.61 405.29 402.45 400.96 399.60 399.22 399.85 400.68 400.94 401.05 401.26 401.95 401.01 400.82 399.70 398.71
 397.21 396.10 398.02 406.35 414.48 418.12 419.95 415.86 410.45 402.67 400.81 399.73 398.81 398.57 398.55 398.48 397.65 397.83 398.63 399.74 400.14 399.34 398.56 397.90
 397.13 396.74 398.01 402.38 410.37 416.41 417.40 412.79 405.39 400.07 398.57 397.97 397.70 397.56 397.29 396.31 396.20 396.58 397.66 398.44 398.81 398.44 397.84 397.44
 397.14 397.24 397.29 398.73 403.32 409.37 412.11 407.45 400.98 396.81 396.58 396.39 396.47 396.77 396.45 396.05 395.77 396.16 396.61 397.12 397.55 397.57 397.42 397.26
 396.59 396.37 396.40 396.30 398.71 402.08 404.93 401.87 398.31 395.53 395.61 395.55 395.66 395.90 396.10 396.01 396.00 395.97 395.89 395.94 396.09 396.40 396.73 396.72
 395.90 395.82 395.62 395.55 396.10 397.12 397.71 397.08 395.95 395.34 395.33 395.33 395.31 395.44 395.79 396.00 395.94 395.73 395.50 395.35 395.37 395.56 395.82 396.02
 395.52 395.54 395.50 395.53 395.57 395.53 395.45 395.39 395.35 395.31 395.30 395.30 395.27 395.33 395.53 395.76 395.69 395.49 395.35 395.25 395.19 395.20 395.29 395.41
 395.38 395.38 395.38 395.38 395.38 395.38 395.38 395.38 395.38 395.38 395.38 395.38 395.38 395.38 395.38 395.38 395.38 395.38 395.38 395.38 395.38 395.38 395.38 395.38
