2015 MONTHLY CO2 (PPMV)   24  12  LON/LAT (N-S/0-360E) IN 15 DEGREE RESOLUTION,  GLB ANNUAL MEAN = 398.59,  GROWTH RATE = 1.85,  MISS DATA = -99.99
 405.56 405.56 405.56 405.56 405.56 405.56 405.56 405.56 405.56 405.56 405.56 405.56 405.56 405.56 405.56 405.56 405.56 405.56 405.56 405.56 405.56 405.56 405.56 405.56
 407.74 407.35 405.73 402.86 404.35 405.38 406.80 405.09 404.54 404.17 404.11 403.86 403.68 403.65 405.57 410.55 412.35 411.55 407.76 405.63 404.98 404.99 405.91 406.34
 405.94 407.61 401.94 397.65 398.46 406.62 409.66 408.10 405.82 405.28 404.04 403.57 403.15 403.37 404.83 408.23 411.96 410.99 408.23 406.46 404.40 404.63 404.44 405.06
 402.69 394.76 388.00 379.23 391.20 405.32 414.78 410.85 408.59 405.31 403.86 402.92 402.28 402.53 403.72 406.41 406.86 408.11 406.65 404.95 404.27 403.03 402.47 403.69
 392.57 379.29 362.60 370.57 385.82 407.38 417.33 416.23 408.75 405.11 402.81 402.06 401.42 401.65 402.64 403.25 402.97 402.98 403.18 403.74 402.34 401.27 400.23 400.97
 390.09 373.11 369.19 374.06 391.61 408.35 419.46 416.48 409.11 403.74 402.26 401.31 400.51 400.61 400.57 400.38 399.46 399.58 400.32 401.22 401.29 399.83 398.84 398.54
 390.26 387.18 384.63 390.83 396.08 407.47 413.73 411.36 403.60 400.93 399.96 399.40 399.25 398.88 398.31 397.28 397.29 397.74 398.75 399.48 399.67 398.91 397.65 396.69
 396.59 396.76 397.16 397.43 398.24 401.70 403.88 402.27 398.30 397.07 397.22 397.37 397.48 397.58 396.94 396.50 396.35 396.66 397.07 397.62 398.01 397.69 397.15 396.68
 396.26 396.20 396.26 396.23 396.16 396.91 396.52 396.00 394.90 394.97 395.37 395.72 396.22 396.53 396.77 396.52 396.42 396.23 395.94 395.97 396.13 396.25 396.35 396.29
 395.85 395.87 395.59 395.24 395.03 395.05 395.14 395.07 395.14 395.37 395.62 395.57 395.58 395.81 396.29 396.44 396.24 395.82 395.47 395.30 395.32 395.45 395.60 395.80
 395.60 395.76 395.69 395.38 394.98 394.85 394.95 395.16 395.33 395.55 395.74 395.79 395.63 395.62 395.84 396.08 395.88 395.54 395.34 395.28 395.25 395.20 395.23 395.36
 395.44 395.44 395.44 395.44 395.44 395.44 395.44 395.44 395.44 395.44 395.44 395.44 395.44 395.44 395.44 395.44 395.44 395.44 395.44 395.44 395.44 395.44 395.44 395.44
 407.74 407.74 407.74 407.74 407.74 407.74 407.74 407.74 407.74 407.74 407.74 407.74 407.74 407.74 407.74 407.74 407.74 407.74 407.74 407.74 407.74 407.74 407.74 407.74
 408.26 408.71 408.67 407.01 407.52 408.09 410.20 410.37 410.33 409.19 407.58 406.54 406.53 406.47 405.89 406.25 407.04 407.78 407.50 406.58 405.96 405.61 405.96 406.83
 405.65 407.24 402.68 399.31 398.62 405.17 409.41 409.42 408.90 407.92 406.57 405.51 405.25 405.25 405.10 405.47 407.25 408.36 408.10 407.20 405.67 405.25 404.73 404.84
 400.12 392.50 386.19 378.12 388.06 400.49 408.08 407.56 407.01 406.21 405.16 403.97 403.54 403.77 404.64 405.68 405.72 407.01 407.14 406.32 405.48 404.01 402.76 402.72
 389.33 375.77 359.56 368.60 381.22 397.47 405.07 405.80 404.83 404.54 403.42 402.49 401.84 402.67 403.79 404.20 403.85 403.65 404.60 405.07 403.82 402.31 400.80 399.54
 388.14 370.34 367.04 373.23 387.30 395.90 400.88 402.93 403.29 403.48 402.68 401.69 401.07 401.41 401.66 401.20 400.04 400.57 401.52 402.70 402.47 400.87 399.27 397.99
 389.78 386.49 384.15 391.45 393.97 397.41 398.36 399.88 400.79 401.17 400.65 399.95 399.82 399.64 399.08 397.99 397.76 398.30 399.71 400.60 400.75 399.66 398.02 396.81
 396.78 397.13 397.69 398.29 398.17 397.84 397.83 398.27 397.95 398.10 397.78 397.64 397.75 398.09 397.49 396.85 396.56 397.03 397.76 398.63 398.96 398.27 397.33 396.81
 396.55 396.50 396.60 396.53 396.62 397.46 397.77 397.14 396.16 395.69 395.62 395.50 396.03 396.68 397.10 396.80 396.58 396.57 396.70 396.93 397.01 396.74 396.54 396.43
 396.01 396.01 395.59 395.12 395.04 395.81 396.65 396.56 396.13 395.90 395.61 395.15 395.07 395.58 396.35 396.65 396.46 396.23 396.07 396.07 395.93 395.86 395.78 395.96
 395.74 395.85 395.72 395.32 394.85 395.00 395.42 395.95 396.05 395.98 395.73 395.38 395.02 395.15 395.67 396.17 396.11 395.87 395.72 395.60 395.57 395.45 395.41 395.51
 395.50 395.50 395.50 395.50 395.50 395.50 395.50 395.50 395.50 395.50 395.50 395.50 395.50 395.50 395.50 395.50 395.50 395.50 395.50 395.50 395.50 395.50 395.50 395.50
 407.17 407.17 407.17 407.17 407.17 407.17 407.17 407.17 407.17 407.17 407.17 407.17 407.17 407.17 407.17 407.17 407.17 407.17 407.17 407.17 407.17 407.17 407.17 407.17
 408.26 408.49 407.96 405.37 406.41 407.73 409.73 408.53 407.59 407.12 407.01 407.21 407.64 407.63 406.81 406.56 406.79 407.14 406.83 406.30 406.00 405.97 406.28 406.88
 405.34 406.54 400.50 395.83 395.54 404.65 410.50 409.17 407.87 406.97 406.47 406.31 406.35 406.28 405.76 405.72 407.02 407.61 407.50 406.72 406.03 405.92 405.58 405.41
 398.61 387.80 379.62 369.55 382.77 399.29 409.11 408.65 407.28 406.29 405.22 404.57 404.67 404.80 405.12 405.60 405.69 406.87 406.60 406.27 405.97 405.14 404.13 403.27
 385.28 367.01 345.72 358.22 375.06 395.68 405.15 406.04 405.61 404.79 403.34 402.80 402.81 403.71 404.20 404.26 404.13 404.00 405.10 405.33 404.77 403.76 402.36 400.19
 385.21 360.89 356.27 364.91 383.43 393.91 399.25 402.31 403.52 404.06 402.69 401.71 401.33 401.82 401.92 401.36 400.34 401.34 402.45 403.74 403.64 402.30 400.64 398.86
 388.12 383.31 379.25 388.44 391.63 395.46 396.09 398.51 400.94 401.85 401.04 399.95 399.55 399.46 398.96 398.13 398.00 398.78 400.50 401.68 402.01 400.92 399.21 397.76
 397.45 397.70 397.83 398.01 397.37 396.36 395.99 397.33 398.13 398.89 398.38 397.95 397.68 397.78 397.20 396.76 396.62 397.26 398.24 399.38 399.87 399.20 398.25 397.59
 396.86 396.63 396.79 396.73 396.61 396.92 397.09 396.88 396.57 396.34 396.29 396.23 396.58 396.90 397.06 396.79 396.71 396.78 397.06 397.41 397.58 397.39 397.19 396.92
 396.00 395.93 395.71 395.59 395.62 396.21 396.84 396.83 396.59 396.50 396.33 396.00 395.94 396.20 396.60 396.72 396.62 396.51 396.44 396.50 396.35 396.27 396.15 396.20
 395.67 395.67 395.64 395.55 395.44 395.66 396.02 396.43 396.55 396.55 396.41 396.18 395.92 395.92 396.18 396.43 396.39 396.21 396.12 396.03 395.96 395.75 395.63 395.63
 395.91 395.91 395.91 395.91 395.91 395.91 395.91 395.91 395.91 395.91 395.91 395.91 395.91 395.91 395.91 395.91 395.91 395.91 395.91 395.91 395.91 395.91 395.91 395.91
 407.55 407.55 407.55 407.55 407.55 407.55 407.55 407.55 407.55 407.55 407.55 407.55 407.55 407.55 407.55 407.55 407.55 407.55 407.55 407.55 407.55 407.55 407.55 407.55
 408.91 409.35 409.43 407.21 407.04 406.63 408.52 408.07 408.05 407.65 407.42 407.10 406.96 406.52 406.05 406.33 407.01 407.66 407.54 407.12 406.96 407.17 407.72 408.10
 405.58 406.38 400.94 396.41 394.89 403.36 408.99 409.88 409.48 409.16 407.56 406.88 406.48 405.83 405.13 405.35 406.57 408.04 408.12 407.70 406.43 406.64 406.73 406.41
 399.63 387.97 379.02 367.78 381.61 398.55 409.51 410.26 411.04 409.15 407.32 406.33 405.78 405.12 404.51 404.69 405.26 407.03 407.85 406.91 406.10 405.65 405.31 404.50
 392.56 372.95 348.34 355.47 373.73 396.30 407.09 409.78 408.87 408.04 405.79 405.26 404.90 404.51 403.98 403.92 404.05 405.42 406.07 406.22 405.07 404.51 403.69 402.28
 392.95 370.92 359.30 361.99 382.61 395.12 402.28 405.44 406.60 406.47 405.06 404.02 403.07 402.95 402.14 401.55 401.44 402.74 403.80 404.55 404.41 403.14 401.90 401.13
 394.08 388.50 382.64 386.37 390.69 396.54 398.13 400.45 402.54 403.43 402.58 401.48 401.00 400.57 399.64 398.73 398.72 399.81 401.43 402.57 402.84 401.74 400.17 399.17
 398.00 398.01 397.61 397.10 396.91 396.98 397.15 398.19 398.71 399.60 399.42 399.33 399.06 398.87 397.83 397.15 396.90 397.70 398.78 400.04 400.57 399.87 398.87 398.12
 397.36 397.10 397.10 396.95 397.03 397.54 397.88 397.34 396.71 396.61 397.13 397.64 398.21 398.10 397.76 397.11 397.05 397.19 397.56 397.99 398.21 398.05 397.82 397.47
 396.56 396.47 396.40 396.57 396.73 397.23 397.46 397.13 396.71 396.81 397.22 397.46 397.65 397.56 397.34 397.11 397.03 397.08 397.13 397.17 397.07 396.97 396.79 396.81
 396.18 396.08 396.13 396.29 396.52 396.72 396.74 396.71 396.65 396.96 397.28 397.53 397.60 397.43 397.20 397.03 397.02 397.03 397.04 397.02 396.86 396.50 396.29 396.23
 396.75 396.75 396.75 396.75 396.75 396.75 396.75 396.75 396.75 396.75 396.75 396.75 396.75 396.75 396.75 396.75 396.75 396.75 396.75 396.75 396.75 396.75 396.75 396.75
 406.58 406.58 406.58 406.58 406.58 406.58 406.58 406.58 406.58 406.58 406.58 406.58 406.58 406.58 406.58 406.58 406.58 406.58 406.58 406.58 406.58 406.58 406.58 406.58
 406.14 404.98 404.74 402.54 400.62 398.89 403.88 407.35 409.30 408.92 408.78 408.16 408.09 407.50 406.12 404.37 403.89 404.38 405.38 406.02 406.67 407.31 407.87 407.57
 402.02 400.93 393.26 388.76 383.66 391.72 399.34 406.35 409.14 410.41 408.05 407.61 407.42 406.74 405.50 404.26 403.73 404.35 404.52 404.99 405.35 406.59 406.75 405.90
 395.98 377.59 364.91 351.13 367.51 385.69 398.35 403.19 409.84 409.27 407.47 406.58 406.37 405.92 405.39 404.69 404.33 404.62 404.88 404.41 404.84 405.32 405.34 404.36
 387.78 359.87 325.13 336.44 360.35 387.08 397.68 403.02 405.92 408.16 405.80 405.34 405.08 405.26 405.12 404.80 404.59 405.18 405.09 404.86 404.43 404.38 403.73 402.40
 389.50 358.33 342.18 347.20 375.70 390.39 396.68 400.54 404.07 406.34 405.39 403.95 403.08 403.54 403.01 402.44 402.29 403.43 404.18 404.62 404.52 403.34 402.06 401.24
 391.75 383.78 375.60 381.73 387.60 394.33 394.67 397.50 401.38 403.61 402.89 401.44 400.82 400.82 400.22 399.45 399.38 400.52 402.14 403.36 403.59 402.30 400.43 399.24
 397.81 397.70 397.35 396.97 396.14 394.93 394.29 396.20 398.30 400.13 399.75 399.44 398.92 398.89 398.09 397.67 397.50 398.48 399.74 401.16 401.62 400.56 399.15 398.09
 397.26 397.03 397.18 397.22 396.86 396.24 395.81 396.14 396.60 397.09 397.55 397.94 398.34 398.28 398.10 397.78 397.95 398.24 398.81 399.27 399.37 398.83 398.18 397.52
 396.73 396.70 396.86 397.21 397.23 397.11 396.95 396.88 397.00 397.30 397.69 397.89 397.99 397.97 397.93 397.95 398.02 398.13 398.18 398.33 398.09 397.78 397.32 397.05
 396.66 396.61 396.74 396.99 397.23 397.31 397.21 397.10 397.14 397.45 397.79 398.04 398.05 397.93 397.88 397.90 397.92 397.88 397.83 397.74 397.62 397.22 396.95 396.77
 397.36 397.36 397.36 397.36 397.36 397.36 397.36 397.36 397.36 397.36 397.36 397.36 397.36 397.36 397.36 397.36 397.36 397.36 397.36 397.36 397.36 397.36 397.36 397.36
 402.10 402.10 402.10 402.10 402.10 402.10 402.10 402.10 402.10 402.10 402.10 402.10 402.10 402.10 402.10 402.10 402.10 402.10 402.10 402.10 402.10 402.10 402.10 402.10
 401.60 397.60 395.20 391.61 391.55 392.81 400.62 404.90 407.16 405.42 403.09 401.79 403.38 404.79 404.09 401.15 399.01 399.14 401.22 403.59 404.71 405.45 405.87 404.45
 397.02 395.15 386.12 380.58 377.25 387.89 396.53 403.34 405.39 405.59 402.00 401.34 403.06 404.55 404.17 402.39 399.82 398.69 399.67 401.47 403.37 404.53 404.32 402.32
 391.99 372.99 360.34 346.45 364.64 384.95 399.31 401.86 407.15 404.80 402.85 402.37 403.39 404.20 404.65 403.48 402.13 400.60 400.00 401.67 402.85 403.37 402.88 401.01
 384.90 356.30 321.50 334.07 360.94 390.59 402.13 406.55 405.66 405.89 403.39 403.07 403.09 403.64 403.85 403.74 403.00 402.05 402.22 402.38 403.10 402.87 401.98 400.20
 388.60 356.86 340.40 346.84 378.61 396.35 404.65 405.93 406.58 405.72 404.29 402.66 401.86 402.38 402.46 401.81 401.07 401.71 402.38 403.37 403.49 402.69 401.45 400.90
 392.17 384.04 375.75 382.60 391.07 400.96 402.86 403.55 403.84 403.71 402.36 400.51 399.75 400.54 400.60 399.82 399.48 400.17 401.56 402.74 403.15 402.19 400.77 399.87
 398.79 398.73 398.36 398.07 398.85 400.35 401.30 401.37 400.57 400.46 399.55 398.70 398.14 398.89 399.10 399.00 398.65 399.30 400.22 401.24 401.67 400.93 399.88 399.08
 397.98 397.67 397.88 397.94 398.50 399.62 400.47 399.54 398.35 397.69 397.63 397.43 397.43 397.93 398.53 398.91 398.98 399.09 399.44 399.70 399.79 399.36 398.92 398.28
 397.19 397.15 397.36 397.75 398.06 398.73 398.99 398.54 397.90 397.79 397.75 397.49 397.27 397.57 398.30 398.83 398.90 398.78 398.65 398.78 398.52 398.29 397.89 397.65
 397.09 397.06 397.24 397.50 397.75 397.99 397.94 397.83 397.69 397.84 397.87 397.75 397.45 397.51 397.95 398.49 398.52 398.21 398.08 397.90 397.90 397.61 397.39 397.21
 397.62 397.62 397.62 397.62 397.62 397.62 397.62 397.62 397.62 397.62 397.62 397.62 397.62 397.62 397.62 397.62 397.62 397.62 397.62 397.62 397.62 397.62 397.62 397.62
 397.16 397.16 397.16 397.16 397.16 397.16 397.16 397.16 397.16 397.16 397.16 397.16 397.16 397.16 397.16 397.16 397.16 397.16 397.16 397.16 397.16 397.16 397.16 397.16
 399.68 399.27 400.13 397.56 396.50 394.97 397.73 397.87 398.17 395.57 392.08 390.94 393.32 395.84 395.15 394.13 391.36 390.44 391.71 395.66 398.95 400.63 400.99 400.50
 394.16 393.76 385.51 380.19 376.94 387.99 396.84 399.43 398.71 396.24 391.80 391.26 393.72 395.07 395.30 395.46 394.50 390.29 389.48 394.08 399.73 401.16 400.19 398.26
 386.91 366.48 352.14 337.82 359.68 383.36 397.31 399.15 401.11 398.04 395.64 395.81 396.50 397.23 397.05 398.24 398.05 394.65 391.98 396.92 400.77 401.32 399.66 397.36
 379.42 346.92 307.89 323.03 357.22 390.75 401.49 401.13 401.53 401.51 399.80 399.80 399.91 399.83 399.86 400.18 399.73 398.01 398.13 398.75 401.33 401.12 399.82 397.29
 385.50 349.59 330.84 339.39 379.90 403.27 409.98 406.39 404.59 403.82 402.88 401.52 400.75 401.10 400.92 400.12 399.41 399.74 399.95 400.65 400.68 400.89 400.15 399.90
 391.30 382.05 372.54 380.72 395.83 412.23 417.43 411.90 406.45 402.51 401.93 400.38 399.87 400.41 400.34 399.39 398.93 399.25 399.93 400.44 400.67 400.63 400.53 400.35
 399.85 399.72 399.16 398.71 403.62 412.23 417.41 412.96 404.91 400.37 399.77 399.19 398.82 399.32 399.24 398.94 398.56 399.00 399.50 400.03 400.26 400.37 400.33 400.16
 398.96 398.57 398.60 398.47 401.44 407.28 411.68 407.19 401.27 398.19 398.21 398.14 398.23 398.47 398.70 398.75 398.77 398.96 399.34 399.55 399.65 399.60 399.64 399.28
 398.00 397.88 397.94 398.25 399.25 402.15 403.58 401.94 399.05 398.21 398.23 398.13 398.03 398.17 398.49 398.72 398.76 398.86 398.91 399.07 398.90 398.82 398.57 398.44
 397.71 397.59 397.67 397.92 398.23 398.95 398.87 398.75 398.13 398.23 398.29 398.25 398.13 398.13 398.33 398.56 398.63 398.52 398.49 398.35 398.33 398.07 397.95 397.83
 398.07 398.07 398.07 398.07 398.07 398.07 398.07 398.07 398.07 398.07 398.07 398.07 398.07 398.07 398.07 398.07 398.07 398.07 398.07 398.07 398.07 398.07 398.07 398.07
 393.34 393.34 393.34 393.34 393.34 393.34 393.34 393.34 393.34 393.34 393.34 393.34 393.34 393.34 393.34 393.34 393.34 393.34 393.34 393.34 393.34 393.34 393.34 393.34
 397.12 397.22 396.00 390.27 392.62 395.18 398.21 394.70 393.52 392.57 391.15 390.68 391.72 393.20 394.24 395.13 393.63 390.80 389.04 390.11 392.59 394.16 394.44 395.16
 392.17 393.65 381.80 372.33 372.91 391.92 403.91 401.04 398.02 395.77 392.72 391.66 392.50 393.49 394.24 395.61 394.67 389.64 386.66 387.61 392.12 394.05 395.09 394.42
 384.47 361.03 343.76 324.54 353.94 388.48 408.98 406.44 403.70 399.03 396.14 395.01 394.86 395.32 395.32 396.15 396.50 392.25 388.50 390.20 391.86 394.52 395.95 394.61
 374.47 336.33 289.67 307.79 350.12 394.72 411.71 410.10 405.14 401.57 398.96 397.97 397.84 397.85 397.63 398.01 397.69 396.21 394.94 392.93 394.69 395.73 396.95 395.54
 381.36 338.45 316.71 327.55 375.76 404.03 414.50 410.59 406.58 402.33 400.87 399.69 399.39 399.71 399.50 399.01 398.88 398.67 397.75 396.90 396.44 397.48 397.90 398.32
 388.59 377.66 366.72 377.40 393.42 411.04 415.46 411.17 405.40 401.37 400.57 399.94 399.83 400.03 399.90 399.26 398.84 398.82 398.46 398.17 398.03 398.55 399.26 399.57
 399.45 399.29 399.04 398.91 402.97 409.79 413.81 409.92 403.27 399.55 399.64 399.73 399.70 399.77 399.38 398.95 398.60 398.71 398.76 398.75 398.66 399.19 399.67 399.84
 398.83 398.53 398.61 398.62 401.00 405.67 409.13 405.58 400.82 398.54 398.95 399.33 399.54 399.36 399.05 398.71 398.66 398.81 399.12 399.20 399.22 399.33 399.46 399.21
 398.29 398.21 398.26 398.45 399.23 401.57 402.72 401.43 399.16 398.67 399.06 399.35 399.47 399.30 398.97 398.72 398.70 398.91 399.05 399.24 399.12 399.08 398.85 398.66
 398.21 398.14 398.20 398.33 398.47 399.02 398.98 398.91 398.48 398.76 399.10 399.38 399.51 399.36 399.10 398.84 398.77 398.79 398.84 398.80 398.77 398.59 398.46 398.34
 398.67 398.67 398.67 398.67 398.67 398.67 398.67 398.67 398.67 398.67 398.67 398.67 398.67 398.67 398.67 398.67 398.67 398.67 398.67 398.67 398.67 398.67 398.67 398.67
 395.47 395.47 395.47 395.47 395.47 395.47 395.47 395.47 395.47 395.47 395.47 395.47 395.47 395.47 395.47 395.47 395.47 395.47 395.47 395.47 395.47 395.47 395.47 395.47
 397.00 397.55 396.00 392.58 395.20 399.53 401.23 398.13 396.40 395.94 395.99 395.69 395.43 395.46 396.47 397.08 396.83 395.07 394.18 393.83 394.65 395.18 395.22 395.47
 394.47 395.45 390.61 385.64 386.68 396.11 404.18 402.72 400.54 398.09 395.92 395.90 395.64 395.66 396.20 397.32 396.87 395.62 393.98 394.24 395.44 396.56 396.26 395.09
 389.82 380.74 373.98 365.05 376.67 391.03 398.78 401.82 401.24 399.00 396.82 396.17 396.03 396.11 396.51 396.75 397.43 396.18 394.98 394.89 396.21 397.21 397.05 395.02
 386.03 369.61 349.72 357.73 373.92 389.54 394.62 394.25 397.90 398.99 397.43 396.92 396.91 397.34 397.34 397.45 397.31 397.12 396.24 395.80 396.31 397.32 397.04 395.54
 390.40 371.59 362.09 366.71 385.08 393.11 392.52 393.25 395.12 398.47 398.61 397.95 398.12 398.57 398.73 398.49 398.15 397.67 397.04 396.40 396.27 396.88 397.37 397.78
 394.50 389.92 385.08 389.70 393.52 396.47 395.30 395.35 397.07 398.17 398.78 398.83 399.07 399.23 399.34 399.10 398.90 398.53 397.73 396.98 396.72 397.39 398.42 399.11
 399.59 399.78 399.61 399.46 398.61 397.31 396.61 397.20 398.00 398.55 398.81 399.08 399.26 399.36 399.36 399.39 399.36 399.05 398.47 397.80 397.58 398.29 399.04 399.56
 399.04 398.85 399.04 399.04 398.57 397.86 397.25 397.57 398.07 398.46 398.73 398.99 399.17 399.23 399.32 399.34 399.33 399.14 398.80 398.51 398.50 398.79 399.12 399.11
 398.52 398.53 398.59 398.74 398.67 398.41 398.18 398.10 398.33 398.58 398.85 399.02 399.09 399.21 399.30 399.32 399.24 399.02 398.87 398.77 398.80 398.87 398.86 398.80
 398.52 398.52 398.59 398.66 398.69 398.63 398.48 398.34 398.40 398.65 398.89 399.03 399.11 399.17 399.26 399.25 399.08 398.88 398.77 398.76 398.74 398.70 398.67 398.57
 398.75 398.75 398.75 398.75 398.75 398.75 398.75 398.75 398.75 398.75 398.75 398.75 398.75 398.75 398.75 398.75 398.75 398.75 398.75 398.75 398.75 398.75 398.75 398.75
 402.06 402.06 402.06 402.06 402.06 402.06 402.06 402.06 402.06 402.06 402.06 402.06 402.06 402.06 402.06 402.06 402.06 402.06 402.06 402.06 402.06 402.06 402.06 402.06
 401.50 402.30 403.17 402.76 405.07 407.31 407.83 405.54 404.25 403.92 402.72 401.19 400.13 400.66 402.08 402.97 403.20 401.92 400.97 399.80 399.51 399.66 400.13 400.54
 399.53 400.84 399.77 398.80 401.08 407.01 410.42 407.83 405.24 403.41 401.44 400.25 399.64 400.43 401.29 402.37 402.31 402.50 401.67 400.82 399.82 400.47 400.27 399.49
 395.53 392.92 391.39 387.74 394.67 404.08 410.04 408.95 405.55 402.11 400.24 399.12 398.94 399.57 400.35 400.22 400.36 400.96 400.98 400.11 400.13 400.17 399.77 398.21
 393.56 387.37 380.20 383.03 389.15 399.11 405.75 406.72 403.64 401.25 399.37 398.70 398.51 399.00 399.08 398.69 398.08 398.20 398.92 399.42 398.94 399.37 398.66 397.26
 396.09 389.05 385.30 385.61 390.53 394.13 398.05 400.72 400.84 400.05 399.28 398.84 398.73 398.85 399.06 398.66 397.55 397.41 397.72 398.10 398.08 398.13 398.41 398.75
 398.01 396.46 394.57 395.35 393.34 392.35 391.47 395.13 397.86 399.40 398.95 398.91 398.92 398.95 399.14 398.90 398.84 398.42 398.23 397.76 397.71 398.18 399.03 399.55
 399.61 399.73 399.70 399.49 396.86 392.74 390.61 393.12 396.63 398.64 398.68 398.74 398.85 399.00 399.31 399.66 399.85 399.50 398.90 398.28 398.16 398.77 399.40 399.76
 399.03 398.85 399.12 399.23 397.91 395.48 393.63 395.15 397.28 398.42 398.46 398.51 398.64 398.93 399.42 399.76 399.79 399.51 399.06 398.73 398.70 399.01 399.32 399.23
 398.50 398.50 398.62 398.86 398.58 397.65 397.02 397.26 398.06 398.43 398.46 398.43 398.48 398.84 399.38 399.72 399.65 399.28 398.99 398.84 398.85 398.92 398.89 398.82
 398.47 398.45 398.56 398.68 398.77 398.59 398.38 398.20 398.30 398.43 398.46 398.44 398.44 398.69 399.14 399.45 399.32 399.06 398.89 398.86 398.78 398.68 398.63 398.54
 398.65 398.65 398.65 398.65 398.65 398.65 398.65 398.65 398.65 398.65 398.65 398.65 398.65 398.65 398.65 398.65 398.65 398.65 398.65 398.65 398.65 398.65 398.65 398.65
 405.66 405.66 405.66 405.66 405.66 405.66 405.66 405.66 405.66 405.66 405.66 405.66 405.66 405.66 405.66 405.66 405.66 405.66 405.66 405.66 405.66 405.66 405.66 405.66
 403.95 404.78 406.90 409.75 411.39 411.97 408.83 406.62 405.46 405.76 405.55 404.96 403.77 403.85 404.44 406.71 407.89 407.89 406.18 404.54 403.65 403.33 403.66 403.33
 403.53 405.78 412.86 417.61 421.61 416.27 410.73 407.94 406.26 405.75 405.41 404.03 402.97 403.27 404.43 405.83 407.87 407.81 406.21 404.94 403.31 403.56 402.89 401.70
 404.79 419.39 430.37 439.86 428.74 417.19 409.82 408.46 405.90 405.16 403.91 402.60 401.95 402.70 403.88 405.49 404.96 405.38 404.75 403.59 403.31 402.92 402.17 400.44
 410.28 430.32 456.16 446.54 426.96 409.51 405.80 406.14 404.63 403.33 402.21 401.44 401.09 401.58 402.80 403.06 402.24 401.31 401.90 402.58 401.82 401.93 401.13 400.03
 408.84 431.70 442.67 435.77 410.98 400.09 399.28 401.79 402.00 401.79 401.13 400.75 400.42 400.45 400.97 400.92 399.70 399.46 399.91 400.60 400.65 400.44 400.41 400.33
 405.82 411.61 417.26 410.35 401.95 394.76 394.85 397.41 399.20 400.25 399.89 399.71 399.54 399.55 399.65 399.33 399.25 399.15 399.63 399.69 399.77 399.84 400.06 400.07
 399.39 399.40 399.49 399.39 397.74 395.40 394.24 395.68 397.55 398.75 398.82 398.84 398.90 399.15 399.30 399.41 399.45 399.54 399.59 399.63 399.65 399.78 399.85 399.72
 398.81 398.62 398.97 399.20 398.52 397.16 396.01 396.60 397.49 398.08 398.16 398.26 398.49 398.83 399.26 399.48 399.53 399.55 399.60 399.57 399.57 399.52 399.47 399.14
 398.37 398.38 398.58 398.86 398.77 398.22 397.75 397.68 398.05 398.22 398.24 398.18 398.24 398.59 399.12 399.47 399.49 399.45 399.40 399.42 399.26 399.13 398.88 398.67
 398.38 398.38 398.52 398.68 398.80 398.69 398.45 398.22 398.20 398.23 398.22 398.18 398.17 398.42 398.87 399.29 399.35 399.25 399.22 399.13 398.99 398.73 398.56 398.45
 398.58 398.58 398.58 398.58 398.58 398.58 398.58 398.58 398.58 398.58 398.58 398.58 398.58 398.58 398.58 398.58 398.58 398.58 398.58 398.58 398.58 398.58 398.58 398.58
 409.28 409.28 409.28 409.28 409.28 409.28 409.28 409.28 409.28 409.28 409.28 409.28 409.28 409.28 409.28 409.28 409.28 409.28 409.28 409.28 409.28 409.28 409.28 409.28
 407.78 408.14 408.80 410.49 412.26 413.48 410.87 409.01 408.19 408.11 407.70 406.96 406.10 408.66 416.91 421.19 419.83 412.72 409.99 408.34 407.17 406.48 406.57 406.12
 407.65 410.80 418.29 422.29 427.02 420.46 413.09 410.78 408.52 407.81 406.54 405.59 405.14 408.98 417.25 422.05 416.46 411.69 409.75 408.61 406.19 406.42 405.67 404.46
 409.81 428.34 442.06 453.05 438.41 423.32 414.17 411.79 409.13 406.87 405.22 404.19 403.78 406.90 413.87 414.82 411.70 408.38 408.50 406.55 405.90 405.60 404.92 403.03
 415.65 441.35 474.36 462.09 436.95 414.73 409.58 410.85 407.53 405.64 403.83 403.18 402.68 404.19 406.65 407.63 405.98 404.92 405.09 405.69 404.29 404.55 403.64 402.39
 412.59 441.70 456.06 447.85 416.30 401.75 400.87 404.22 404.52 403.67 402.78 402.33 401.72 401.79 402.58 403.08 402.26 402.14 402.72 403.40 403.42 402.74 402.26 401.74
 407.86 415.10 422.65 414.58 403.86 394.14 393.59 397.24 399.70 401.16 400.65 400.64 400.59 400.55 400.63 400.22 400.31 400.58 401.47 401.87 402.02 401.58 401.04 400.53
 399.41 399.41 399.92 400.33 398.21 394.51 392.45 394.34 396.94 398.66 398.93 399.16 399.42 399.83 399.88 399.78 399.67 399.93 400.17 400.48 400.72 400.59 400.26 399.83
 398.78 398.57 399.19 399.80 398.71 396.52 394.84 395.71 396.93 397.77 397.97 398.21 398.55 399.07 399.62 399.81 399.79 399.65 399.43 399.37 399.46 399.58 399.61 399.20
 398.29 398.28 398.60 398.92 398.62 397.66 397.12 397.29 397.92 398.16 398.26 398.11 398.13 398.53 399.28 399.74 399.69 399.35 399.04 398.86 398.82 398.88 398.86 398.68
 398.30 398.32 398.41 398.44 398.37 398.17 398.06 398.07 398.21 398.29 398.31 398.25 398.13 398.33 398.82 399.34 399.33 399.05 398.87 398.78 398.66 398.56 398.49 398.39
 398.47 398.47 398.47 398.47 398.47 398.47 398.47 398.47 398.47 398.47 398.47 398.47 398.47 398.47 398.47 398.47 398.47 398.47 398.47 398.47 398.47 398.47 398.47 398.47
