2013 MONTHLY CO2 (PPMV)   24  12  LON/LAT (N-S/0-360E) IN 15 DEGREE RESOLUTION,  GLB ANNUAL MEAN = 395.46,  GROWTH RATE = 2.12,  MISS DATA = -99.99
 400.91 400.91 400.91 400.91 400.91 400.91 400.91 400.91 400.91 400.91 400.91 400.91 400.91 400.91 400.91 400.91 400.91 400.91 400.91 400.91 400.91 400.91 400.91 400.91
 403.11 403.66 402.31 401.41 400.22 399.64 399.26 400.70 401.64 401.47 400.70 400.78 401.53 402.15 400.81 400.09 400.88 402.36 402.93 401.83 400.99 400.31 400.26 400.85
 404.01 405.52 408.27 405.96 404.91 399.66 398.79 400.85 402.33 402.34 401.20 400.25 400.32 400.23 399.75 399.15 400.88 403.60 404.28 403.63 401.46 400.74 400.08 400.39
 403.71 413.83 419.10 419.76 407.85 400.71 402.40 403.81 404.04 401.39 400.76 399.79 398.96 398.53 398.16 398.73 399.04 401.52 403.11 402.22 401.67 400.26 399.13 398.75
 404.68 418.87 434.64 423.93 409.54 402.10 405.12 408.22 403.16 400.01 399.06 398.43 397.40 396.59 396.72 397.18 397.52 397.80 398.85 400.29 399.32 398.43 397.30 396.54
 400.42 417.04 423.61 418.16 404.97 400.53 403.47 403.04 401.29 397.35 396.82 396.57 395.59 395.05 395.17 395.49 394.76 394.56 395.36 396.83 397.27 396.08 394.96 394.03
 396.61 401.39 405.63 403.44 400.07 397.29 394.93 395.67 395.87 396.02 394.78 394.17 393.88 394.11 394.27 394.21 393.61 393.39 393.96 394.60 394.95 394.10 392.75 391.93
 391.42 391.95 392.62 393.93 394.13 392.51 391.01 391.19 392.57 393.72 392.83 392.40 392.48 393.11 393.49 393.10 392.70 392.36 392.28 392.38 392.75 392.16 391.43 391.05
 391.39 391.48 391.68 391.81 391.54 391.14 390.69 391.26 391.89 391.81 391.56 391.22 391.34 392.09 392.49 392.68 392.33 391.72 390.76 390.47 390.60 390.74 390.85 391.11
 391.13 390.93 390.67 390.52 390.56 390.72 391.00 391.19 391.07 390.95 390.65 390.69 390.73 391.06 391.67 392.05 391.87 390.92 390.12 389.74 389.97 390.28 390.70 391.09
 390.83 390.56 390.40 390.37 390.47 390.71 390.97 391.02 390.88 390.64 390.55 390.53 390.57 390.71 391.04 391.35 391.04 390.38 389.99 389.99 390.18 390.50 390.84 391.00
 390.58 390.58 390.58 390.58 390.58 390.58 390.58 390.58 390.58 390.58 390.58 390.58 390.58 390.58 390.58 390.58 390.58 390.58 390.58 390.58 390.58 390.58 390.58 390.58
 403.86 403.86 403.86 403.86 403.86 403.86 403.86 403.86 403.86 403.86 403.86 403.86 403.86 403.86 403.86 403.86 403.86 403.86 403.86 403.86 403.86 403.86 403.86 403.86
 404.01 405.52 406.74 407.03 404.87 403.52 404.17 406.77 407.52 406.34 403.79 401.90 401.34 401.52 401.55 402.48 403.05 403.33 403.01 402.29 401.88 401.23 401.38 401.99
 405.23 407.17 409.58 407.95 405.67 400.94 400.86 404.14 406.40 405.74 403.65 401.21 400.54 400.56 400.85 401.41 402.86 404.07 403.95 403.82 401.85 401.54 401.22 401.88
 404.84 412.14 415.18 415.22 406.86 401.16 401.68 403.74 405.44 404.04 402.34 400.26 399.26 399.06 399.28 400.30 400.23 402.24 403.68 402.63 401.99 400.99 400.37 400.38
 403.96 413.81 424.54 417.60 408.35 402.59 403.20 405.24 403.15 401.35 399.71 398.40 397.44 396.98 397.47 398.23 398.46 399.03 400.02 401.21 399.89 399.12 398.41 397.78
 399.61 411.69 417.06 413.74 405.52 401.71 401.71 400.74 399.90 397.42 396.75 396.12 395.39 395.13 395.64 396.37 395.95 395.77 396.52 397.73 398.01 396.61 395.32 393.98
 395.47 400.77 404.12 402.82 400.97 398.51 395.37 395.04 394.92 394.88 394.09 393.79 393.65 393.97 394.44 394.79 394.49 394.32 394.80 395.29 395.49 394.18 392.26 390.99
 391.42 392.62 394.03 394.87 395.20 393.66 392.03 391.35 391.70 392.14 392.04 392.12 392.47 393.04 393.64 393.56 393.36 392.95 392.74 392.70 392.92 391.83 390.56 389.85
 390.72 391.18 391.65 392.13 392.00 391.68 391.13 391.08 391.07 390.94 391.07 391.28 391.59 392.23 392.79 393.18 392.97 392.19 390.95 390.51 390.52 390.35 390.10 390.27
 390.85 390.83 390.74 390.66 390.78 390.86 391.01 390.94 390.82 390.71 390.68 390.83 391.05 391.35 392.07 392.56 392.41 391.25 390.25 389.69 389.83 389.93 390.23 390.60
 390.72 390.67 390.61 390.64 390.70 390.79 390.88 390.87 390.79 390.61 390.53 390.61 390.77 391.00 391.40 391.75 391.38 390.60 390.10 390.04 390.03 390.25 390.50 390.71
 390.61 390.61 390.61 390.61 390.61 390.61 390.61 390.61 390.61 390.61 390.61 390.61 390.61 390.61 390.61 390.61 390.61 390.61 390.61 390.61 390.61 390.61 390.61 390.61
 403.90 403.90 403.90 403.90 403.90 403.90 403.90 403.90 403.90 403.90 403.90 403.90 403.90 403.90 403.90 403.90 403.90 403.90 403.90 403.90 403.90 403.90 403.90 403.90
 404.09 404.63 404.53 404.27 403.15 403.17 403.98 405.60 405.73 405.06 404.00 403.13 402.70 402.32 402.17 404.35 405.72 406.04 404.19 402.73 402.20 401.98 402.53 402.93
 405.27 406.04 407.58 406.34 405.23 401.80 401.90 403.63 404.62 404.03 403.44 402.59 402.03 401.41 401.23 402.61 405.50 406.00 404.44 403.42 402.03 402.36 402.64 403.43
 405.40 410.99 413.77 414.36 406.94 402.38 403.33 404.58 404.49 402.80 402.44 401.61 400.62 399.93 399.74 401.38 401.86 403.52 403.32 402.35 402.00 401.90 402.13 402.26
 404.90 413.59 423.22 417.00 409.54 406.51 408.78 409.48 404.39 401.26 400.42 399.69 398.43 397.75 398.37 399.39 399.45 399.65 400.46 401.16 400.31 400.13 400.07 399.83
 400.83 411.65 415.97 412.61 407.45 410.08 414.17 410.07 403.30 397.88 397.32 396.78 395.73 395.62 396.58 397.38 396.74 396.61 397.36 398.48 398.50 397.52 396.68 395.63
 396.40 400.80 403.17 401.45 403.53 409.86 411.49 406.74 397.46 394.55 393.79 393.70 393.53 394.04 394.83 395.11 394.52 394.44 395.33 395.93 396.19 395.02 393.44 392.27
 392.10 392.75 393.46 393.83 396.60 401.74 403.48 398.10 392.92 391.20 391.44 391.76 392.24 392.94 393.51 393.23 392.80 392.63 392.89 393.34 393.60 392.63 391.52 390.85
 391.19 391.38 391.52 391.71 392.70 394.83 394.55 393.19 390.65 390.34 390.56 391.03 391.59 392.25 392.54 392.67 392.37 391.94 391.34 391.20 391.19 390.94 390.72 390.90
 391.07 391.01 390.85 390.68 390.75 390.77 390.82 390.67 390.58 390.38 390.37 390.64 391.10 391.52 391.96 392.19 392.00 391.26 390.66 390.29 390.20 390.14 390.38 390.77
 390.75 390.76 390.68 390.63 390.63 390.67 390.72 390.73 390.59 390.30 390.18 390.29 390.71 391.10 391.49 391.67 391.34 390.78 390.42 390.27 390.12 390.17 390.37 390.63
 390.54 390.54 390.54 390.54 390.54 390.54 390.54 390.54 390.54 390.54 390.54 390.54 390.54 390.54 390.54 390.54 390.54 390.54 390.54 390.54 390.54 390.54 390.54 390.54
 402.93 402.93 402.93 402.93 402.93 402.93 402.93 402.93 402.93 402.93 402.93 402.93 402.93 402.93 402.93 402.93 402.93 402.93 402.93 402.93 402.93 402.93 402.93 402.93
 401.82 402.51 401.73 400.85 400.82 402.69 404.44 405.46 405.41 404.92 404.18 403.49 403.09 402.80 402.25 402.56 403.37 404.14 403.99 403.21 402.63 402.19 402.02 401.33
 404.08 405.58 405.92 401.46 401.25 401.99 403.38 404.71 405.52 405.04 404.06 403.11 402.47 402.12 402.23 402.41 403.72 404.78 404.75 403.96 402.51 402.11 401.42 400.78
 404.55 410.24 407.68 403.48 401.14 401.83 403.12 404.37 404.99 404.09 403.25 402.09 401.17 400.79 401.30 402.39 402.28 403.16 403.74 402.92 402.39 401.51 400.71 400.05
 403.54 405.69 406.85 401.51 401.33 403.50 405.44 405.72 403.32 402.10 401.10 400.11 398.93 398.74 399.94 400.95 401.05 400.36 400.55 401.40 400.90 400.12 399.34 398.93
 397.74 399.30 398.33 398.58 400.52 405.09 407.77 405.15 400.85 398.05 397.75 396.93 396.02 396.37 397.56 398.16 397.16 396.48 397.32 398.84 399.52 398.36 397.12 396.19
 394.07 393.45 393.13 393.45 397.76 404.26 405.92 402.59 396.07 394.16 393.78 393.63 393.53 394.39 395.17 394.78 393.15 393.09 394.88 396.73 397.46 396.40 394.65 393.42
 392.07 391.76 391.42 391.57 393.77 398.24 400.02 396.13 392.14 390.75 391.17 391.63 392.15 392.91 392.95 391.56 390.27 390.59 392.22 394.05 394.81 393.97 392.88 392.02
 391.60 391.42 391.11 390.92 391.54 393.27 393.35 392.33 390.28 390.06 390.39 391.06 391.76 392.15 391.50 390.56 389.79 390.18 390.97 391.69 391.98 391.84 391.71 391.67
 391.31 391.14 390.93 390.76 390.72 390.67 390.62 390.51 390.47 390.29 390.39 390.78 391.34 391.59 391.13 390.41 390.02 390.32 390.63 390.76 390.69 390.72 390.92 391.20
 390.91 390.83 390.70 390.67 390.62 390.63 390.61 390.63 390.54 390.29 390.20 390.36 390.90 391.31 391.25 390.76 390.45 390.52 390.65 390.62 390.56 390.57 390.70 390.86
 390.64 390.64 390.64 390.64 390.64 390.64 390.64 390.64 390.64 390.64 390.64 390.64 390.64 390.64 390.64 390.64 390.64 390.64 390.64 390.64 390.64 390.64 390.64 390.64
 402.01 402.01 402.01 402.01 402.01 402.01 402.01 402.01 402.01 402.01 402.01 402.01 402.01 402.01 402.01 402.01 402.01 402.01 402.01 402.01 402.01 402.01 402.01 402.01
 400.22 401.14 401.42 401.88 401.35 402.39 403.51 404.23 404.15 403.80 403.45 402.98 402.69 402.52 401.69 400.09 399.19 398.74 399.36 400.18 401.39 402.15 402.13 401.02
 403.51 404.53 406.60 400.90 400.78 401.46 402.18 403.38 403.99 403.82 402.87 402.33 401.98 401.94 402.05 400.95 399.53 399.02 399.22 399.98 400.45 401.09 401.02 399.62
 403.89 413.05 408.31 402.33 399.60 400.64 400.97 401.76 402.90 402.48 401.61 400.84 400.62 400.61 401.33 401.48 400.23 399.11 400.05 399.91 399.84 400.00 399.89 398.54
 404.30 407.52 409.05 399.82 398.95 400.81 401.46 401.34 400.81 400.86 399.64 398.81 398.42 398.76 399.91 400.48 400.42 399.63 399.28 399.61 399.53 399.12 398.66 397.58
 397.73 400.01 398.60 397.84 398.10 401.36 402.58 400.77 398.70 397.74 397.11 395.90 395.53 396.57 397.39 397.29 396.45 396.12 397.17 398.51 399.47 398.60 397.18 396.15
 394.50 393.59 392.82 392.80 396.15 400.79 402.22 399.84 395.83 394.49 393.92 393.10 393.02 394.29 394.66 393.41 391.15 391.65 394.48 397.23 398.33 397.35 395.38 394.04
 392.68 392.13 391.60 391.49 393.23 396.57 398.24 395.74 392.68 391.40 391.36 391.50 391.68 392.38 391.72 389.55 387.81 388.94 391.69 394.60 395.80 394.90 393.70 392.73
 392.13 391.85 391.38 391.10 391.54 392.79 393.11 392.41 390.91 390.35 390.48 391.01 391.58 391.56 390.14 388.69 388.14 389.30 391.04 392.28 392.72 392.53 392.34 392.25
 391.71 391.50 391.24 391.02 390.90 390.80 390.72 390.65 390.56 390.25 390.18 390.67 391.31 391.40 390.28 389.18 389.00 390.07 390.93 391.30 391.22 391.20 391.36 391.61
 391.22 391.16 390.99 390.98 390.91 390.80 390.67 390.63 390.45 390.05 389.87 390.09 390.83 391.27 391.06 390.34 390.21 390.73 391.11 391.14 391.04 390.99 391.04 391.18
 390.79 390.79 390.79 390.79 390.79 390.79 390.79 390.79 390.79 390.79 390.79 390.79 390.79 390.79 390.79 390.79 390.79 390.79 390.79 390.79 390.79 390.79 390.79 390.79
 397.10 397.10 397.10 397.10 397.10 397.10 397.10 397.10 397.10 397.10 397.10 397.10 397.10 397.10 397.10 397.10 397.10 397.10 397.10 397.10 397.10 397.10 397.10 397.10
 397.75 395.58 392.86 392.00 392.81 395.68 398.97 401.10 401.93 401.09 399.39 398.01 397.91 398.04 396.53 392.49 390.03 389.62 392.06 394.93 397.52 399.56 400.78 399.88
 400.19 398.97 397.97 393.58 394.23 395.58 395.87 397.40 398.76 399.32 398.58 397.74 397.83 397.86 396.83 394.56 391.10 389.52 390.48 393.13 397.04 399.35 399.75 398.95
 400.98 405.25 401.10 397.05 395.61 395.41 393.51 392.74 395.42 397.91 398.31 398.06 397.86 397.56 397.22 395.98 395.02 392.50 391.94 394.54 397.20 398.74 399.01 398.05
 400.99 402.39 402.67 396.98 396.66 395.69 392.39 390.78 393.55 397.17 398.20 397.84 397.41 397.17 397.08 397.21 397.15 396.04 395.79 395.80 397.64 398.09 397.99 397.30
 396.72 398.11 397.25 396.65 396.81 396.45 393.31 391.63 393.10 396.01 396.82 396.16 395.71 396.16 396.35 395.65 394.98 395.49 396.30 397.29 397.70 397.44 396.58 395.77
 394.32 394.02 393.90 393.96 396.03 397.15 396.37 394.03 393.68 393.99 394.28 393.69 393.62 394.60 394.77 393.57 391.84 392.33 394.62 396.47 397.19 396.38 394.98 393.98
 392.69 392.41 392.48 392.74 393.99 395.53 396.14 394.44 392.68 392.01 391.81 391.80 392.12 392.91 392.66 391.06 389.73 390.51 392.38 394.38 395.18 394.49 393.55 392.81
 392.05 391.87 391.71 391.76 392.21 393.04 393.24 392.65 391.53 390.67 390.47 390.78 391.49 391.94 391.29 390.44 389.99 390.73 391.82 392.59 392.84 392.60 392.42 392.28
 391.73 391.55 391.36 391.19 391.18 391.13 391.09 391.00 390.71 389.99 389.48 390.02 390.90 391.42 391.04 390.57 390.53 391.13 391.57 391.74 391.58 391.48 391.58 391.70
 391.41 391.36 391.27 391.20 391.13 391.00 390.85 390.83 390.37 389.41 388.87 389.08 390.16 390.99 391.22 391.06 391.09 391.38 391.57 391.49 391.34 391.28 391.32 391.39
 390.82 390.82 390.82 390.82 390.82 390.82 390.82 390.82 390.82 390.82 390.82 390.82 390.82 390.82 390.82 390.82 390.82 390.82 390.82 390.82 390.82 390.82 390.82 390.82
 387.80 387.80 387.80 387.80 387.80 387.80 387.80 387.80 387.80 387.80 387.80 387.80 387.80 387.80 387.80 387.80 387.80 387.80 387.80 387.80 387.80 387.80 387.80 387.80
 392.07 390.92 389.79 388.97 388.10 387.33 386.14 384.92 384.91 385.46 385.81 386.34 387.53 388.91 388.12 384.09 381.69 380.41 383.08 386.15 390.06 392.89 394.25 393.33
 395.44 395.54 394.92 390.34 389.40 388.65 386.65 386.08 385.95 386.73 386.90 387.37 388.64 389.80 389.05 387.07 384.71 382.14 381.68 383.62 389.85 392.72 393.66 393.58
 397.89 402.58 398.76 394.81 392.28 390.40 387.58 386.82 388.41 390.05 390.26 390.86 391.35 391.86 391.35 389.96 391.20 388.50 384.83 386.75 390.44 392.82 394.00 393.97
 398.94 400.82 401.39 396.41 395.53 392.83 388.71 387.70 390.23 392.78 393.75 393.78 393.98 394.14 393.37 393.46 394.89 393.32 392.78 390.51 392.93 393.67 394.53 394.94
 395.68 397.49 397.36 397.52 396.96 395.44 391.38 389.96 391.70 394.34 394.83 394.46 394.47 394.80 394.52 393.59 393.07 394.04 394.22 394.85 394.71 394.94 394.81 394.76
 393.98 394.00 394.50 395.07 396.62 396.68 395.00 392.62 392.80 393.43 393.74 393.43 393.55 394.30 394.15 393.14 392.11 392.53 394.02 395.14 395.59 395.22 394.57 394.07
 392.85 392.53 393.01 393.64 394.61 395.54 395.58 393.83 392.53 392.33 392.27 392.27 392.53 393.07 393.02 392.12 391.37 391.82 392.85 393.91 394.37 394.17 393.85 393.33
 392.14 391.95 391.96 392.23 392.71 393.40 393.41 392.84 391.89 391.35 391.31 391.52 391.82 392.20 392.00 391.69 391.47 391.87 392.40 392.77 392.88 392.80 392.80 392.62
 391.98 391.74 391.61 391.44 391.50 391.51 391.54 391.46 391.28 390.85 390.57 390.90 391.37 391.60 391.61 391.60 391.69 391.96 392.12 392.14 391.94 391.85 391.96 391.98
 391.76 391.71 391.57 391.48 391.40 391.35 391.30 391.31 391.03 390.46 390.13 390.26 390.87 391.34 391.51 391.68 391.80 391.96 391.98 391.81 391.64 391.61 391.68 391.76
 391.33 391.33 391.33 391.33 391.33 391.33 391.33 391.33 391.33 391.33 391.33 391.33 391.33 391.33 391.33 391.33 391.33 391.33 391.33 391.33 391.33 391.33 391.33 391.33
 383.15 383.15 383.15 383.15 383.15 383.15 383.15 383.15 383.15 383.15 383.15 383.15 383.15 383.15 383.15 383.15 383.15 383.15 383.15 383.15 383.15 383.15 383.15 383.15
 390.84 392.67 389.85 387.19 386.27 385.91 382.86 378.87 377.81 379.27 380.99 381.97 382.42 383.47 383.75 382.12 380.30 378.48 379.52 381.53 384.75 386.70 387.19 388.17
 396.05 396.74 394.66 387.64 387.80 388.81 387.23 384.66 382.87 383.11 383.36 383.62 384.00 385.04 385.52 384.97 383.75 379.98 378.96 380.66 386.33 387.49 388.14 389.74
 396.40 401.98 396.43 391.30 390.02 390.81 389.97 389.04 388.55 388.25 387.68 387.27 387.14 387.85 388.30 388.21 389.11 386.06 382.05 384.55 387.81 389.17 389.86 391.14
 396.80 398.18 397.79 392.54 392.45 392.52 391.17 390.58 390.83 391.68 391.78 390.86 390.71 391.37 391.24 391.38 392.54 390.44 390.32 388.33 390.81 391.15 392.08 392.59
 394.56 395.68 395.22 394.79 393.92 394.08 392.79 391.83 392.55 393.88 393.84 392.91 392.93 393.23 393.09 392.24 391.90 392.65 392.47 392.96 392.68 393.19 393.40 393.84
 394.67 394.94 394.68 394.18 394.50 394.70 394.37 393.51 393.82 394.08 393.99 393.41 393.43 393.94 393.75 393.15 392.71 392.84 393.44 393.88 394.13 394.15 394.21 394.37
 394.67 394.98 394.45 393.93 393.86 394.14 394.40 394.10 393.60 393.43 393.18 392.91 392.89 393.23 393.53 393.36 393.10 393.18 393.49 393.85 393.94 394.04 394.17 394.40
 393.67 393.33 393.20 392.77 392.77 392.98 393.23 393.05 392.88 392.47 392.49 392.32 392.11 392.45 392.81 393.08 393.05 393.16 393.46 393.58 393.50 393.31 393.41 393.59
 392.54 392.40 392.10 392.00 391.90 391.95 392.04 392.08 392.12 392.18 392.18 392.08 391.91 391.82 392.24 392.72 392.97 393.11 393.18 393.17 392.81 392.51 392.57 392.74
 392.12 392.00 391.93 391.88 391.84 391.83 391.82 391.83 391.91 392.03 392.09 392.07 391.90 391.80 391.84 392.33 392.73 392.89 392.86 392.60 392.29 392.13 392.12 392.14
 392.06 392.06 392.06 392.06 392.06 392.06 392.06 392.06 392.06 392.06 392.06 392.06 392.06 392.06 392.06 392.06 392.06 392.06 392.06 392.06 392.06 392.06 392.06 392.06
 388.39 388.39 388.39 388.39 388.39 388.39 388.39 388.39 388.39 388.39 388.39 388.39 388.39 388.39 388.39 388.39 388.39 388.39 388.39 388.39 388.39 388.39 388.39 388.39
 393.77 397.05 397.09 395.15 393.46 391.23 387.89 384.96 384.50 386.49 388.67 389.18 388.18 388.04 388.35 387.52 387.03 385.91 386.25 385.77 386.57 387.27 387.97 389.45
 395.23 397.84 396.61 392.75 392.26 392.33 390.69 389.00 388.54 389.79 390.61 390.02 388.77 388.95 389.75 389.54 387.90 387.08 386.45 387.10 387.79 387.80 388.44 390.12
 393.87 396.60 394.35 391.57 391.82 392.44 390.74 389.42 390.09 392.09 391.89 390.37 389.47 389.72 390.94 391.00 389.93 388.01 388.30 388.90 388.87 388.83 389.34 390.51
 393.15 393.27 392.64 391.36 392.50 392.03 388.96 386.31 388.74 391.96 392.61 391.10 390.67 391.42 392.01 391.86 390.82 389.88 390.57 390.51 390.24 390.08 390.85 391.51
 392.89 392.75 392.54 392.96 393.70 392.63 388.41 386.39 388.60 392.17 393.01 392.14 392.39 392.79 392.83 391.99 391.28 391.37 391.43 391.81 391.30 391.50 392.06 392.80
 393.39 393.32 393.26 393.51 394.42 393.75 392.13 390.42 391.91 392.96 393.39 393.15 393.37 393.77 393.58 392.99 392.54 392.37 392.39 392.27 392.27 392.53 393.18 393.63
 393.72 393.70 393.58 393.55 394.03 394.32 394.36 393.77 393.23 393.20 393.13 392.99 393.06 393.28 393.54 393.38 393.19 393.21 393.22 393.15 392.96 393.22 393.57 393.82
 393.22 393.00 392.99 392.94 393.23 393.58 393.91 393.60 393.19 392.74 392.70 392.56 392.31 392.59 392.96 393.23 393.22 393.37 393.71 393.74 393.55 393.25 393.25 393.30
 392.67 392.56 392.46 392.50 392.53 392.54 392.54 392.48 392.53 392.56 392.55 392.34 392.11 391.99 392.43 392.90 393.15 393.40 393.53 393.64 393.23 392.88 392.76 392.77
 392.40 392.34 392.34 392.40 392.43 392.38 392.28 392.22 392.29 392.42 392.46 392.41 392.14 391.98 392.01 392.51 392.96 393.14 393.14 392.91 392.72 392.50 392.44 392.43
 392.38 392.38 392.38 392.38 392.38 392.38 392.38 392.38 392.38 392.38 392.38 392.38 392.38 392.38 392.38 392.38 392.38 392.38 392.38 392.38 392.38 392.38 392.38 392.38
 395.37 395.37 395.37 395.37 395.37 395.37 395.37 395.37 395.37 395.37 395.37 395.37 395.37 395.37 395.37 395.37 395.37 395.37 395.37 395.37 395.37 395.37 395.37 395.37
 398.34 398.04 397.53 395.84 395.85 396.21 396.91 397.38 397.78 398.00 397.79 396.53 394.93 394.05 394.05 395.09 396.18 396.47 395.70 393.83 393.48 393.78 395.01 395.76
 398.61 401.41 398.93 396.03 395.43 395.95 395.96 396.98 397.75 398.13 397.52 396.29 394.85 394.36 395.03 395.33 396.18 397.12 396.57 396.88 395.50 395.55 394.76 395.24
 397.17 399.10 398.68 396.27 396.81 396.72 395.69 395.18 396.52 396.76 396.19 394.91 394.11 393.88 394.82 395.97 394.60 394.96 396.58 396.77 397.26 396.00 394.32 393.75
 393.80 394.05 394.52 396.65 399.43 399.49 396.80 394.66 394.08 394.74 394.36 393.72 393.55 393.61 394.65 394.91 393.76 393.24 394.19 396.09 395.23 394.81 393.57 393.03
 393.02 392.48 393.48 396.87 401.06 402.38 399.47 395.11 393.28 392.81 393.31 393.30 393.65 393.77 394.00 394.00 393.28 392.87 393.03 393.60 393.26 392.96 393.12 393.15
 393.08 393.02 393.65 395.62 399.65 403.06 401.81 397.46 393.78 392.86 393.02 393.28 393.70 394.04 394.09 393.87 393.52 393.20 392.91 392.46 392.28 392.49 393.15 393.52
 393.55 393.62 393.72 394.32 396.26 399.33 400.20 396.71 393.66 392.80 392.81 392.82 393.06 393.41 393.75 393.65 393.49 393.40 393.17 392.91 392.67 392.93 393.34 393.56
 393.32 393.22 393.17 393.12 393.86 395.39 395.62 394.78 393.14 392.72 392.63 392.44 392.30 392.68 393.13 393.47 393.44 393.42 393.46 393.37 393.19 393.04 393.15 393.33
 393.02 392.87 392.70 392.63 392.73 392.78 392.74 392.63 392.69 392.70 392.64 392.34 392.11 392.12 392.62 393.11 393.33 393.36 393.34 393.32 393.04 392.83 392.87 393.02
 392.75 392.64 392.55 392.62 392.70 392.64 392.50 392.40 392.49 392.63 392.65 392.53 392.24 392.09 392.20 392.71 393.06 393.11 393.07 392.86 392.69 392.65 392.72 392.80
 392.56 392.56 392.56 392.56 392.56 392.56 392.56 392.56 392.56 392.56 392.56 392.56 392.56 392.56 392.56 392.56 392.56 392.56 392.56 392.56 392.56 392.56 392.56 392.56
 401.15 401.15 401.15 401.15 401.15 401.15 401.15 401.15 401.15 401.15 401.15 401.15 401.15 401.15 401.15 401.15 401.15 401.15 401.15 401.15 401.15 401.15 401.15 401.15
 405.11 404.46 404.19 401.77 400.93 400.65 401.75 403.21 403.57 402.99 402.22 401.10 400.19 399.76 399.91 402.03 404.01 404.62 403.09 400.42 399.16 398.81 399.88 401.22
 406.88 411.95 409.05 403.11 400.26 399.26 399.32 401.33 402.30 402.26 401.23 400.22 399.29 398.85 399.75 400.95 403.46 404.94 403.45 402.14 399.52 399.79 399.74 400.88
 404.77 409.48 409.16 402.13 400.02 398.43 397.84 398.09 399.53 399.56 399.35 398.33 397.51 397.34 398.43 400.31 399.80 401.38 402.18 400.65 400.18 399.29 398.46 398.00
 398.93 401.04 401.83 399.48 398.67 398.16 397.73 396.81 395.79 396.84 396.91 396.39 395.81 395.82 397.25 398.11 397.47 397.28 398.25 399.55 397.78 397.45 396.32 395.37
 395.43 396.46 397.78 396.85 396.85 397.99 398.54 396.27 394.69 394.39 395.24 395.12 394.87 394.96 395.62 396.14 395.24 394.96 395.39 396.26 395.68 394.88 394.63 394.16
 394.26 395.16 396.14 395.39 395.80 397.27 398.62 397.27 395.37 394.48 394.41 394.12 394.16 394.50 394.75 394.65 394.15 393.93 394.23 394.11 393.96 393.72 393.73 393.66
 393.49 393.95 394.23 394.31 394.64 395.63 396.65 396.24 395.04 394.28 393.62 393.20 393.17 393.65 393.93 393.58 393.22 393.25 393.30 393.36 393.34 393.41 393.41 393.40
 393.08 393.01 393.22 393.26 393.60 393.95 394.40 394.24 394.04 393.42 393.12 392.59 392.33 392.80 393.13 393.29 393.17 393.17 393.07 393.02 393.03 393.17 393.25 393.19
 392.78 392.66 392.57 392.58 392.72 392.88 392.99 393.01 392.98 393.04 392.90 392.57 392.17 392.20 392.60 392.99 393.12 393.08 392.95 392.88 392.88 393.01 393.14 393.07
 392.81 392.61 392.57 392.65 392.75 392.78 392.72 392.65 392.75 392.94 393.03 392.89 392.47 392.25 392.29 392.68 392.92 392.96 392.88 392.83 392.86 393.01 393.13 393.03
 392.79 392.79 392.79 392.79 392.79 392.79 392.79 392.79 392.79 392.79 392.79 392.79 392.79 392.79 392.79 392.79 392.79 392.79 392.79 392.79 392.79 392.79 392.79 392.79
 403.58 403.58 403.58 403.58 403.58 403.58 403.58 403.58 403.58 403.58 403.58 403.58 403.58 403.58 403.58 403.58 403.58 403.58 403.58 403.58 403.58 403.58 403.58 403.58
 403.91 406.08 408.05 407.04 404.95 402.95 403.04 404.30 404.51 404.01 403.23 402.40 401.91 401.65 401.52 402.58 404.10 405.09 405.36 403.85 402.69 401.41 401.30 400.89
 404.48 409.93 410.79 406.14 402.27 400.62 400.63 402.31 403.14 402.80 402.04 401.34 400.92 401.01 401.53 402.15 403.49 406.03 407.31 407.50 403.65 401.27 400.19 399.75
 403.55 408.28 408.21 402.11 400.65 399.65 400.58 400.65 400.90 399.64 399.64 398.90 398.92 399.27 400.39 401.66 400.77 402.65 407.16 406.77 403.68 400.06 398.60 397.64
 400.23 401.22 400.13 397.95 398.68 400.82 403.05 402.44 398.44 397.43 397.21 396.69 396.60 397.43 398.98 399.84 398.81 399.36 401.65 403.49 400.48 397.81 396.52 396.25
 395.80 394.96 395.33 394.81 397.24 402.29 406.32 402.94 398.66 395.89 395.99 395.45 395.39 396.10 397.25 397.53 396.21 395.60 396.52 397.54 397.18 395.62 394.98 394.72
 394.00 394.08 394.40 394.17 396.11 401.17 404.68 402.72 398.24 396.26 395.52 394.58 394.45 395.35 395.79 395.45 394.23 393.92 394.58 394.89 394.89 394.27 393.81 393.63
 393.70 393.93 393.97 393.93 394.82 397.32 399.43 398.77 396.44 395.17 394.24 393.50 393.36 394.03 394.29 393.43 392.66 392.71 393.13 393.52 393.76 393.52 393.35 393.39
 393.62 393.54 393.37 393.16 393.38 394.08 394.75 394.75 394.36 393.50 393.20 392.69 392.44 392.91 392.98 392.84 392.54 392.61 392.58 392.61 392.79 392.96 393.23 393.45
 393.37 393.16 392.84 392.61 392.60 392.71 392.91 393.04 392.95 392.82 392.59 392.46 392.23 392.20 392.37 392.54 392.57 392.50 392.37 392.33 392.49 392.75 393.12 393.38
 393.13 392.90 392.70 392.69 392.69 392.69 392.66 392.67 392.64 392.57 392.53 392.49 392.35 392.22 392.18 392.37 392.46 392.44 392.39 392.43 392.57 392.83 393.12 393.27
 392.62 392.62 392.62 392.62 392.62 392.62 392.62 392.62 392.62 392.62 392.62 392.62 392.62 392.62 392.62 392.62 392.62 392.62 392.62 392.62 392.62 392.62 392.62 392.62
