2021 MONTHLY CO2 (PPMV)   24  12  LON/LAT (N-S/0-360E) IN 15 DEGREE RESOLUTION,  GLB ANNUAL MEAN = 415.96,  GROWTH RATE = 2.66,  MISS DATA = -99.99
 420.33 420.33 420.33 420.33 420.33 420.33 420.33 420.33 420.33 420.33 420.33 420.33 420.33 420.33 420.33 420.33 420.33 420.33 420.33 420.33 420.33 420.33 420.33 420.33
 423.17 423.12 422.48 422.65 421.08 418.99 417.93 418.97 420.46 421.26 421.74 421.85 421.59 421.23 420.26 419.30 418.68 418.87 418.72 418.58 418.27 418.43 419.54 422.28
 426.59 432.92 421.34 421.52 421.07 419.31 418.98 419.84 421.29 421.86 421.60 421.32 420.58 419.79 419.01 418.27 419.04 419.23 418.88 417.31 417.75 418.25 419.85 423.76
 417.51 420.98 420.24 420.76 421.30 422.08 424.33 424.77 424.73 421.11 420.52 419.66 418.74 417.76 417.29 417.64 418.74 419.52 417.77 417.28 416.93 417.44 418.83 420.81
 417.61 417.93 418.63 418.60 420.16 423.07 428.49 442.31 423.60 420.80 417.01 417.75 416.62 415.66 415.32 416.38 417.68 417.29 417.87 416.73 416.55 416.19 417.99 417.19
 414.73 415.32 415.79 415.88 416.67 419.95 425.41 426.03 423.84 418.55 416.82 415.92 414.88 414.13 413.94 414.08 414.16 415.17 415.68 416.17 415.56 414.83 414.54 414.32
 412.75 412.79 413.36 413.62 413.98 414.68 426.33 416.88 416.57 416.00 414.52 413.83 413.42 413.24 412.69 411.80 411.76 412.51 413.73 414.38 414.29 413.67 413.21 412.66
 411.42 411.46 411.83 412.42 412.07 411.18 410.59 411.21 411.92 412.57 412.11 411.82 411.87 412.25 411.74 411.02 410.54 411.06 411.97 412.62 412.98 412.90 412.51 411.93
 410.91 410.68 410.85 410.98 410.99 411.02 410.83 410.87 410.95 410.85 410.71 410.43 410.64 411.07 411.20 410.85 410.62 410.85 411.21 411.66 411.74 411.96 411.91 411.35
 410.46 410.34 410.18 410.22 410.53 410.88 410.97 410.88 410.69 410.59 410.34 410.13 410.01 410.27 410.66 410.74 410.62 410.67 410.86 410.83 411.04 411.13 411.12 410.86
 410.45 410.35 410.91 410.50 410.82 411.01 410.93 410.81 410.66 410.51 410.38 410.25 410.04 410.05 410.26 410.48 410.47 410.39 410.24 410.24 410.34 410.61 410.71 410.58
 410.46 410.46 410.46 410.46 410.46 410.46 410.46 410.46 410.46 410.46 410.46 410.46 410.46 410.46 410.46 410.46 410.46 410.46 410.46 410.46 410.46 410.46 410.46 410.46
 423.30 423.30 423.30 423.30 423.30 423.30 423.30 423.30 423.30 423.30 423.30 423.30 423.30 423.30 423.30 423.30 423.30 423.30 423.30 423.30 423.30 423.30 423.30 423.30
 425.54 425.67 425.26 424.71 422.77 421.80 423.32 426.10 427.32 427.05 426.00 424.59 423.36 422.63 422.11 421.51 420.74 420.44 419.76 419.32 418.93 419.21 420.63 423.80
 422.75 425.61 423.59 422.08 420.00 418.84 420.11 423.24 425.40 425.63 424.80 423.60 422.48 421.89 421.22 420.54 420.86 420.33 419.30 417.42 417.81 418.50 420.62 421.50
 418.17 422.61 421.08 419.72 418.12 416.64 418.78 421.25 423.88 423.45 422.33 421.01 420.27 419.59 419.45 419.55 419.99 419.93 417.60 416.73 416.61 417.57 419.25 421.49
 418.16 418.03 418.51 417.78 417.05 416.71 418.70 424.71 420.38 420.73 418.46 418.35 417.43 417.06 416.88 417.71 418.34 417.32 417.35 416.31 416.46 416.40 417.37 417.38
 415.18 415.87 416.38 416.49 417.33 418.43 421.58 421.30 420.63 417.58 416.84 416.06 415.45 415.08 414.87 414.52 414.07 414.70 415.28 416.06 415.80 415.16 414.80 414.84
 413.25 413.69 414.77 415.46 417.82 420.93 424.98 421.26 417.73 415.10 414.43 413.90 413.72 413.76 413.03 411.59 411.19 412.10 413.66 414.65 414.44 413.58 413.12 412.81
 411.93 412.35 412.97 413.76 416.23 419.46 421.58 419.05 414.99 412.49 412.03 411.72 411.90 412.33 411.53 410.56 410.07 411.07 412.34 412.96 413.10 412.61 412.23 411.99
 411.55 411.48 411.50 411.56 413.21 415.45 416.95 414.88 412.73 410.88 410.71 410.32 410.49 410.90 410.88 410.60 410.72 411.31 411.69 412.04 411.88 411.86 411.80 411.63
 411.02 410.85 410.43 410.34 411.15 412.11 412.25 411.57 410.80 410.41 410.17 409.95 409.79 410.08 410.48 410.73 410.88 411.02 411.07 410.96 411.14 411.12 411.14 411.17
 410.73 410.62 410.52 410.77 411.33 411.29 410.77 410.30 410.26 410.22 410.17 410.04 409.81 409.84 410.14 410.59 410.60 410.45 410.15 410.08 410.25 410.58 410.75 410.75
 410.41 410.41 410.41 410.41 410.41 410.41 410.41 410.41 410.41 410.41 410.41 410.41 410.41 410.41 410.41 410.41 410.41 410.41 410.41 410.41 410.41 410.41 410.41 410.41
 422.32 422.32 422.32 422.32 422.32 422.32 422.32 422.32 422.32 422.32 422.32 422.32 422.32 422.32 422.32 422.32 422.32 422.32 422.32 422.32 422.32 422.32 422.32 422.32
 423.44 423.49 422.95 421.84 420.68 420.50 421.65 423.55 424.43 424.75 424.88 424.52 423.89 423.47 422.94 421.61 420.25 419.83 419.99 420.07 419.96 420.10 420.48 421.81
 424.65 426.57 422.57 421.14 420.44 419.62 420.45 422.40 424.20 424.75 424.38 423.84 423.18 422.91 422.14 420.83 420.00 419.36 418.69 417.83 418.47 419.04 419.88 424.64
 420.56 421.78 421.47 420.64 420.66 421.15 421.97 423.25 424.41 422.86 422.59 421.74 421.31 420.79 420.35 419.95 419.85 419.33 417.58 416.98 417.02 417.82 418.75 419.90
 418.33 418.57 419.12 419.30 420.80 422.50 424.99 433.61 423.27 421.37 418.45 419.29 418.82 418.26 417.78 418.51 418.93 418.39 418.15 417.12 416.88 416.71 418.48 417.60
 415.77 416.59 417.36 417.98 420.02 423.20 425.93 424.43 421.45 417.75 417.00 416.67 416.40 416.19 415.78 415.47 415.31 416.28 416.77 417.08 416.19 415.32 415.01 415.31
 413.73 414.34 415.81 416.94 419.55 422.37 429.03 421.91 417.75 414.67 414.10 413.94 414.08 414.48 413.97 412.73 412.45 413.48 414.91 415.46 414.72 413.70 413.36 413.26
 412.34 412.83 413.76 414.87 417.01 419.49 421.12 418.50 414.44 411.90 411.65 411.54 411.92 412.66 412.25 411.64 411.22 411.98 412.45 412.63 412.67 412.61 412.51 412.44
 411.96 411.92 412.03 412.13 413.56 415.52 416.76 414.69 412.45 410.67 410.53 410.26 410.49 411.15 411.53 411.70 411.84 411.78 411.13 410.73 411.08 411.69 412.06 412.04
 411.37 411.14 410.67 410.48 411.20 412.13 412.37 411.75 410.97 410.46 410.23 409.98 409.81 410.35 411.22 411.77 411.77 411.11 410.38 410.05 410.33 410.79 411.26 411.48
 410.90 410.77 410.60 410.82 411.25 411.32 411.02 410.71 410.62 410.44 410.29 410.12 409.87 410.07 410.72 411.36 411.07 410.48 410.09 409.94 410.18 410.49 410.78 410.89
 410.56 410.56 410.56 410.56 410.56 410.56 410.56 410.56 410.56 410.56 410.56 410.56 410.56 410.56 410.56 410.56 410.56 410.56 410.56 410.56 410.56 410.56 410.56 410.56
 421.86 421.86 421.86 421.86 421.86 421.86 421.86 421.86 421.86 421.86 421.86 421.86 421.86 421.86 421.86 421.86 421.86 421.86 421.86 421.86 421.86 421.86 421.86 421.86
 425.13 424.09 423.06 421.66 421.05 421.01 421.42 422.21 422.60 422.84 423.18 423.21 422.99 422.88 422.40 420.93 419.36 418.95 419.82 420.16 420.25 420.43 421.52 423.35
 422.80 420.51 423.61 422.24 421.86 421.09 421.33 422.27 423.03 423.27 422.95 422.85 422.48 422.21 421.55 420.00 418.40 417.59 417.44 417.89 419.06 419.98 421.69 424.77
 418.73 423.34 423.73 422.82 422.67 422.81 422.86 423.57 423.85 423.74 422.22 421.95 421.48 420.75 419.96 419.24 418.77 417.63 416.87 417.07 418.02 419.43 421.02 421.98
 419.60 419.69 420.47 420.47 421.86 423.46 425.51 431.38 423.11 421.70 419.47 420.41 419.80 418.70 417.77 418.37 418.62 418.69 418.38 417.87 418.18 418.44 419.62 419.17
 416.83 417.41 417.36 417.12 419.53 423.43 426.09 424.36 421.18 418.18 417.76 417.72 417.23 416.61 415.84 415.53 415.95 417.12 417.86 418.16 417.54 416.73 416.32 416.44
 414.47 414.52 414.88 414.68 418.00 422.09 430.80 422.21 417.62 414.40 414.21 414.43 414.53 414.73 414.13 413.16 413.01 414.22 415.84 416.62 415.89 414.79 414.31 413.98
 412.81 413.08 413.28 413.59 416.08 419.69 422.02 419.04 414.45 411.50 411.60 411.88 412.42 413.09 412.69 412.10 411.69 412.47 413.13 413.46 413.60 413.54 413.32 413.04
 412.41 412.30 412.24 412.10 413.55 415.79 417.48 415.34 412.70 410.76 410.70 410.72 411.18 411.84 412.23 412.37 412.50 412.33 411.68 411.32 411.73 412.44 412.75 412.56
 411.77 411.61 411.27 411.10 411.50 412.39 412.95 412.49 411.53 410.79 410.50 410.42 410.54 411.17 412.00 412.49 412.43 411.74 410.98 410.59 410.89 411.29 411.69 411.87
 411.25 411.17 411.09 411.10 411.19 411.36 411.53 411.60 411.34 410.88 410.54 410.43 410.42 410.81 411.53 412.10 411.78 411.17 410.78 410.70 410.75 410.87 411.01 411.16
 411.03 411.03 411.03 411.03 411.03 411.03 411.03 411.03 411.03 411.03 411.03 411.03 411.03 411.03 411.03 411.03 411.03 411.03 411.03 411.03 411.03 411.03 411.03 411.03
 420.94 420.94 420.94 420.94 420.94 420.94 420.94 420.94 420.94 420.94 420.94 420.94 420.94 420.94 420.94 420.94 420.94 420.94 420.94 420.94 420.94 420.94 420.94 420.94
 423.15 422.67 422.00 421.06 420.63 420.57 420.62 421.02 421.24 421.39 421.59 421.63 421.59 421.69 421.44 420.25 418.86 418.88 420.09 420.28 419.88 419.50 420.02 421.49
 420.03 424.40 423.04 421.90 422.28 421.58 421.32 421.37 421.86 421.99 421.55 421.46 421.35 421.50 420.78 418.97 417.07 416.95 417.73 418.81 419.14 419.30 420.18 420.27
 415.78 423.32 423.59 422.91 423.78 425.36 424.03 423.43 422.56 422.17 421.22 420.84 420.82 420.52 419.51 418.07 417.19 416.81 417.53 418.06 418.51 419.13 419.95 420.45
 419.87 420.02 420.65 419.94 422.89 426.21 428.19 421.00 420.83 421.36 419.55 419.81 419.27 418.78 417.44 417.63 417.70 418.99 419.03 418.99 418.73 418.57 420.06 418.72
 417.38 417.88 416.79 415.96 419.11 424.88 426.95 424.61 420.86 418.96 418.28 417.73 417.06 416.30 415.35 414.93 415.87 417.40 418.52 418.86 418.23 417.06 416.42 416.71
 415.16 414.84 414.20 412.88 416.47 420.87 423.50 421.58 418.34 415.89 415.55 415.13 414.74 414.55 413.55 412.78 412.75 414.33 416.12 417.30 416.45 415.19 414.69 414.44
 413.45 413.64 413.18 412.76 414.76 418.23 420.48 418.49 415.26 413.28 413.07 413.08 413.24 413.40 412.47 411.57 411.05 412.39 414.26 415.13 414.97 414.38 413.88 413.57
 412.92 412.74 412.58 412.27 413.41 415.30 416.83 415.30 413.47 412.01 412.04 412.06 412.46 412.58 412.40 412.01 412.14 412.80 413.51 414.02 413.79 413.69 413.40 413.03
 412.15 412.07 411.89 411.90 412.17 412.76 413.11 412.79 412.12 411.73 411.65 411.75 411.95 412.18 412.26 412.27 412.36 412.61 412.87 412.85 412.94 412.64 412.35 412.32
 411.68 411.67 411.68 411.77 411.83 411.88 411.88 411.84 411.76 411.66 411.60 411.62 411.76 411.96 412.16 412.25 412.22 412.16 411.92 411.90 411.78 411.71 411.58 411.58
 411.73 411.73 411.73 411.73 411.73 411.73 411.73 411.73 411.73 411.73 411.73 411.73 411.73 411.73 411.73 411.73 411.73 411.73 411.73 411.73 411.73 411.73 411.73 411.73
 416.96 416.96 416.96 416.96 416.96 416.96 416.96 416.96 416.96 416.96 416.96 416.96 416.96 416.96 416.96 416.96 416.96 416.96 416.96 416.96 416.96 416.96 416.96 416.96
 419.96 419.43 419.45 419.18 417.54 415.12 413.32 412.76 412.70 413.62 415.67 417.03 417.48 417.45 417.88 418.78 419.49 420.62 420.67 419.67 417.89 416.55 416.66 418.69
 420.36 442.30 420.07 419.09 417.43 415.10 414.13 414.70 414.65 415.35 415.86 417.36 417.81 418.21 418.00 417.76 418.11 419.51 420.70 420.17 417.97 416.36 417.31 419.44
 420.43 421.15 420.66 419.41 417.69 416.31 415.19 416.39 416.90 412.29 416.62 417.33 418.08 418.31 417.89 417.16 416.86 418.54 420.02 419.54 417.70 416.85 417.35 418.98
 419.13 419.20 419.59 418.08 417.74 417.28 417.63 405.15 419.36 418.08 418.62 417.42 417.42 417.90 417.12 416.79 416.83 418.68 419.33 419.28 417.93 417.15 418.73 417.71
 417.54 418.13 417.17 416.04 417.04 419.40 420.43 419.44 418.31 417.98 417.34 416.44 416.14 416.24 415.67 415.06 415.43 416.92 418.02 418.45 418.05 417.27 416.79 416.95
 416.12 415.85 415.28 414.00 416.75 420.49 423.24 420.89 418.21 416.16 415.75 414.94 414.48 414.71 414.04 413.27 413.12 414.33 415.75 416.87 417.02 416.61 416.08 415.57
 414.60 414.58 413.98 413.42 415.71 419.66 422.24 420.00 416.36 414.18 413.86 413.68 413.58 413.65 412.90 412.16 411.69 412.66 413.95 414.89 415.59 415.74 415.41 414.88
 413.90 413.59 413.27 412.83 414.18 416.33 418.01 416.23 414.33 412.86 413.03 413.13 413.30 413.21 412.84 412.46 412.51 412.91 413.31 413.77 413.97 414.34 414.44 414.11
 412.96 412.84 412.52 412.47 412.91 413.57 413.69 413.17 412.68 412.53 412.67 412.90 413.11 413.16 412.97 412.75 412.69 412.76 412.85 412.79 412.96 412.98 413.00 413.10
 412.37 412.38 412.36 412.55 412.80 412.65 412.25 411.94 412.08 412.34 412.55 412.69 412.90 413.07 413.06 412.86 412.60 412.43 412.21 412.20 412.16 412.12 412.12 412.21
 412.36 412.36 412.36 412.36 412.36 412.36 412.36 412.36 412.36 412.36 412.36 412.36 412.36 412.36 412.36 412.36 412.36 412.36 412.36 412.36 412.36 412.36 412.36 412.36
 411.16 411.16 411.16 411.16 411.16 411.16 411.16 411.16 411.16 411.16 411.16 411.16 411.16 411.16 411.16 411.16 411.16 411.16 411.16 411.16 411.16 411.16 411.16 411.16
 413.47 413.44 414.92 415.98 413.56 409.45 407.07 406.85 407.32 408.09 409.32 409.45 408.74 407.86 409.75 414.45 418.96 420.47 418.46 415.95 413.06 410.75 410.56 412.74
 414.92 414.34 414.43 414.88 412.51 409.08 406.83 407.89 408.62 410.16 410.42 411.00 410.69 410.42 412.07 415.94 419.88 421.96 422.06 419.53 414.62 411.01 411.34 413.34
 414.86 414.95 414.26 413.83 412.42 410.69 408.75 409.80 411.82 407.92 412.82 413.25 413.33 413.29 414.56 416.26 417.73 420.30 421.70 419.75 415.79 412.51 411.76 414.10
 415.28 414.88 414.49 413.85 413.71 413.01 412.54 413.38 418.64 415.46 417.06 415.33 415.28 415.65 415.99 415.78 416.18 417.37 418.07 418.13 415.72 413.98 415.51 414.09
 416.01 415.91 414.91 414.32 415.11 416.61 417.06 416.82 416.34 416.60 416.20 415.56 415.43 415.91 415.70 415.21 414.75 415.39 416.00 416.35 416.03 415.78 415.52 415.91
 416.51 416.17 415.45 414.50 416.31 418.83 420.60 418.79 416.75 415.19 414.97 414.52 414.47 414.95 414.79 413.94 413.61 414.31 415.14 415.73 416.22 416.58 416.58 416.34
 415.90 415.74 414.93 414.23 415.74 418.61 420.43 418.61 415.54 413.66 413.55 413.55 413.63 414.00 413.73 413.24 412.86 413.67 414.73 415.43 416.05 416.55 416.60 416.23
 414.94 414.48 414.09 413.57 414.46 416.07 417.25 415.69 414.00 412.92 413.02 413.11 413.27 413.42 413.39 413.18 413.19 413.76 414.38 414.93 415.04 415.35 415.54 415.21
 413.78 413.61 413.26 413.17 413.44 413.93 413.94 413.44 413.08 412.99 413.13 413.11 413.16 413.29 413.38 413.36 413.39 413.57 413.80 413.81 413.96 413.96 413.94 414.02
 413.15 413.12 413.08 413.19 413.40 413.23 412.85 412.56 412.70 412.99 413.16 413.20 413.18 413.24 413.34 413.41 413.37 413.30 413.15 413.14 413.08 413.03 412.99 413.03
 413.03 413.03 413.03 413.03 413.03 413.03 413.03 413.03 413.03 413.03 413.03 413.03 413.03 413.03 413.03 413.03 413.03 413.03 413.03 413.03 413.03 413.03 413.03 413.03
 406.91 406.91 406.91 406.91 406.91 406.91 406.91 406.91 406.91 406.91 406.91 406.91 406.91 406.91 406.91 406.91 406.91 406.91 406.91 406.91 406.91 406.91 406.91 406.91
 412.90 412.49 410.16 407.65 407.11 406.67 406.29 406.01 406.47 407.07 407.60 407.07 405.97 404.82 406.32 410.71 415.19 415.76 412.58 410.30 408.31 406.77 406.51 409.26
 415.19 416.08 412.68 409.09 408.71 408.10 406.61 407.12 408.02 409.65 409.42 408.85 408.13 407.69 409.11 413.34 417.79 419.52 418.11 414.55 410.17 407.16 407.55 410.34
 414.04 415.09 413.43 410.93 410.42 410.38 409.13 409.33 411.55 412.23 411.74 411.24 411.08 411.01 412.42 414.41 416.75 419.08 419.10 415.99 412.00 408.86 408.06 410.69
 412.44 412.53 412.51 412.33 412.99 413.09 412.77 415.66 416.52 414.31 414.71 413.40 413.56 413.96 414.61 414.63 415.36 415.81 415.50 414.91 412.65 411.07 411.47 411.03
 413.83 414.00 413.94 414.25 415.04 416.34 416.92 416.58 415.67 414.84 414.48 414.38 414.70 415.18 415.15 415.00 414.38 414.16 413.93 413.98 414.12 414.34 414.04 414.01
 415.54 415.61 415.46 415.36 416.56 418.28 419.45 417.89 415.74 414.12 414.13 414.44 414.82 415.05 415.02 414.44 414.06 414.24 414.38 414.79 415.81 416.79 416.57 415.90
 415.75 415.65 415.21 414.92 416.05 418.08 419.33 417.72 415.09 413.47 413.70 414.09 414.44 414.66 414.47 414.17 413.91 414.36 415.04 415.71 416.62 417.37 417.22 416.37
 414.92 414.55 414.42 414.16 414.85 416.06 416.90 415.61 414.16 413.40 413.60 413.79 414.01 414.13 414.13 414.01 413.96 414.41 414.98 415.58 415.78 416.12 416.11 415.42
 414.01 413.88 413.71 413.69 413.87 414.25 414.30 413.84 413.58 413.62 413.86 413.83 413.81 413.91 413.97 413.97 413.97 414.16 414.39 414.41 414.57 414.60 414.52 414.39
 413.64 413.63 413.63 413.66 413.71 413.56 413.28 413.11 413.30 413.69 413.95 413.99 413.90 413.86 413.89 413.96 413.97 413.98 413.88 413.90 413.79 413.69 413.60 413.58
 413.67 413.67 413.67 413.67 413.67 413.67 413.67 413.67 413.67 413.67 413.67 413.67 413.67 413.67 413.67 413.67 413.67 413.67 413.67 413.67 413.67 413.67 413.67 413.67
 411.99 411.99 411.99 411.99 411.99 411.99 411.99 411.99 411.99 411.99 411.99 411.99 411.99 411.99 411.99 411.99 411.99 411.99 411.99 411.99 411.99 411.99 411.99 411.99
 412.04 411.88 410.41 409.56 410.68 413.55 417.33 420.08 421.09 418.33 413.40 410.24 410.22 410.74 411.22 412.83 414.01 412.95 409.77 408.61 408.64 409.04 409.26 410.66
 413.65 413.18 411.92 410.78 411.04 412.42 414.07 416.25 417.01 415.10 411.96 409.98 410.64 411.30 411.87 413.64 416.01 416.00 413.52 410.52 409.68 409.68 410.52 411.87
 412.92 413.30 412.79 412.17 411.53 410.77 411.86 412.85 414.33 413.07 411.87 411.20 411.61 412.22 412.88 413.90 415.47 416.45 414.50 411.92 410.71 410.71 411.15 412.19
 412.48 412.78 413.21 413.38 412.95 411.93 411.71 413.56 413.82 413.27 412.59 412.46 412.76 413.37 413.87 413.94 414.65 414.29 413.10 411.81 411.53 411.99 412.38 412.35
 413.82 414.07 414.39 414.60 415.46 416.01 417.29 416.25 415.55 413.71 413.43 413.37 413.73 414.23 414.45 414.62 414.28 413.62 412.65 412.29 413.21 414.57 414.79 414.15
 415.29 415.63 415.52 415.33 417.59 420.97 423.19 420.48 416.50 413.71 413.66 413.91 414.23 414.46 414.69 414.58 414.42 413.99 413.29 413.78 415.83 417.61 416.92 415.74
 415.91 416.03 415.52 415.04 417.40 421.45 424.05 421.14 416.58 413.65 413.80 414.01 414.23 414.41 414.51 414.60 414.61 414.29 413.81 414.54 416.86 418.20 417.64 416.40
 415.38 415.15 414.84 414.43 415.78 418.07 419.81 417.69 415.29 413.80 413.97 414.02 414.09 414.24 414.42 414.53 414.49 414.26 413.98 414.44 415.44 416.56 416.45 415.77
 414.63 414.48 414.17 414.04 414.40 415.14 415.34 414.71 414.12 414.01 414.26 414.21 414.08 414.19 414.44 414.53 414.40 414.11 413.85 413.71 414.08 414.52 414.81 414.86
 414.08 414.07 413.98 414.05 414.17 414.09 413.79 413.56 413.71 414.13 414.42 414.45 414.29 414.22 414.36 414.43 414.24 414.03 413.91 413.91 413.85 413.83 413.87 413.98
 414.02 414.02 414.02 414.02 414.02 414.02 414.02 414.02 414.02 414.02 414.02 414.02 414.02 414.02 414.02 414.02 414.02 414.02 414.02 414.02 414.02 414.02 414.02 414.02
 415.47 415.47 415.47 415.47 415.47 415.47 415.47 415.47 415.47 415.47 415.47 415.47 415.47 415.47 415.47 415.47 415.47 415.47 415.47 415.47 415.47 415.47 415.47 415.47
 420.46 420.01 418.11 416.75 416.63 417.28 417.92 418.38 418.44 417.54 415.97 415.30 415.81 416.19 415.34 414.03 413.15 412.92 412.28 412.71 413.28 413.94 414.79 417.92
 422.34 421.83 419.03 416.93 417.02 417.34 417.68 417.67 417.58 416.57 415.42 414.84 415.45 416.00 414.89 413.97 414.27 414.55 413.88 412.89 413.69 414.36 416.11 418.95
 419.41 419.97 418.59 417.24 417.44 417.94 418.58 418.19 417.56 415.80 414.88 414.42 414.74 415.05 414.55 414.24 414.97 415.56 414.14 413.53 413.70 414.58 415.85 417.70
 415.72 415.96 416.58 416.66 418.19 419.34 420.75 420.32 417.91 415.51 414.37 414.09 414.17 414.39 414.44 414.61 415.13 414.66 413.93 413.02 413.58 414.34 415.22 415.33
 415.33 415.60 416.02 416.35 418.64 421.82 424.30 421.92 418.84 415.02 414.25 414.13 414.31 414.64 414.75 414.93 414.76 414.41 413.57 413.15 413.68 414.92 415.57 415.36
 415.96 416.16 416.11 415.95 419.24 423.69 426.73 423.38 418.28 414.66 414.24 414.37 414.65 414.85 414.99 414.83 414.77 414.51 413.90 413.89 415.03 416.36 416.42 416.03
 416.06 416.16 415.76 415.46 418.17 422.56 425.40 422.23 417.30 414.14 414.18 414.33 414.51 414.72 414.84 414.90 414.91 414.66 414.14 414.39 415.73 416.73 416.73 416.26
 415.37 415.12 414.96 414.66 416.25 418.76 420.69 418.42 415.84 414.05 414.11 414.18 414.27 414.49 414.68 414.82 414.81 414.60 414.27 414.43 415.00 415.76 415.88 415.57
 414.55 414.46 414.22 414.19 414.67 415.53 415.82 415.19 414.40 414.07 414.14 414.18 414.16 414.37 414.63 414.78 414.69 414.37 414.12 413.97 414.18 414.46 414.69 414.78
 414.14 414.16 414.13 414.25 414.43 414.43 414.19 413.99 414.00 414.12 414.21 414.24 414.20 414.30 414.51 414.63 414.43 414.16 414.04 414.02 413.99 413.94 413.98 414.05
 414.16 414.16 414.16 414.16 414.16 414.16 414.16 414.16 414.16 414.16 414.16 414.16 414.16 414.16 414.16 414.16 414.16 414.16 414.16 414.16 414.16 414.16 414.16 414.16
 421.28 421.28 421.28 421.28 421.28 421.28 421.28 421.28 421.28 421.28 421.28 421.28 421.28 421.28 421.28 421.28 421.28 421.28 421.28 421.28 421.28 421.28 421.28 421.28
 425.40 425.26 425.22 425.64 423.94 422.51 423.06 424.90 425.64 424.91 423.35 421.58 420.31 419.30 418.63 417.52 417.01 416.69 416.13 416.33 416.55 417.36 419.49 423.75
 427.21 424.78 423.19 422.92 421.57 420.39 420.76 422.16 423.15 422.63 421.89 420.90 420.04 419.43 418.43 417.85 418.10 417.92 417.13 415.79 416.65 417.02 419.98 424.58
 424.05 423.10 420.65 420.03 420.05 419.78 420.73 421.07 421.28 419.93 419.58 418.98 418.63 417.94 417.61 417.66 418.69 418.58 416.43 416.32 416.33 416.51 418.38 422.76
 420.26 419.49 418.68 418.23 419.22 420.30 422.12 422.54 420.28 418.17 417.31 417.16 416.85 416.19 416.22 417.14 418.06 416.78 416.36 415.43 415.83 415.62 416.66 418.23
 417.47 417.72 417.29 417.10 419.02 421.71 424.54 422.77 420.13 416.47 416.01 416.07 415.88 415.49 415.70 416.42 416.60 416.42 415.65 415.25 414.91 415.41 415.92 416.81
 416.04 416.00 416.32 416.40 419.16 422.92 425.52 423.02 418.78 415.73 415.32 415.35 415.46 415.39 415.64 415.81 415.94 415.67 415.18 414.84 415.01 415.46 415.82 415.87
 415.35 415.23 415.34 415.66 418.11 421.66 423.95 421.39 417.40 414.81 414.65 414.61 414.76 415.20 415.62 415.78 415.42 414.72 414.32 414.41 414.84 415.39 415.69 415.67
 414.82 414.59 414.66 414.71 416.21 418.29 419.87 418.01 415.89 414.25 414.14 413.94 414.12 414.60 415.38 415.35 414.63 413.85 413.72 414.01 414.32 414.85 415.17 415.06
 414.30 414.26 414.15 414.18 414.70 415.42 415.64 415.14 414.41 413.97 413.81 413.74 413.75 414.03 414.59 414.75 414.23 413.77 413.79 413.81 413.98 414.23 414.44 414.47
 414.15 414.19 414.21 414.32 414.54 414.52 414.26 414.03 413.95 413.84 413.75 413.72 413.71 413.73 414.00 414.09 414.06 413.90 413.94 414.00 413.98 414.02 414.06 414.10
 414.03 414.03 414.03 414.03 414.03 414.03 414.03 414.03 414.03 414.03 414.03 414.03 414.03 414.03 414.03 414.03 414.03 414.03 414.03 414.03 414.03 414.03 414.03 414.03
 421.49 421.49 421.49 421.49 421.49 421.49 421.49 421.49 421.49 421.49 421.49 421.49 421.49 421.49 421.49 421.49 421.49 421.49 421.49 421.49 421.49 421.49 421.49 421.49
 426.96 426.14 424.19 422.67 421.52 421.02 421.16 421.89 422.18 422.62 423.10 422.92 422.03 421.31 420.72 420.08 420.00 420.01 419.41 419.39 419.66 420.68 422.28 425.22
 428.13 427.28 424.65 422.42 421.00 420.14 420.76 421.94 422.93 423.16 423.15 422.61 421.54 420.79 420.22 420.11 421.18 421.34 420.53 418.50 419.06 419.85 421.90 425.04
 425.12 425.45 423.95 421.97 420.62 419.52 422.49 423.98 424.95 422.43 421.86 420.88 420.01 419.18 419.15 419.73 421.13 421.54 419.18 418.34 418.10 418.63 420.16 423.21
 420.42 420.09 420.25 419.52 419.61 420.42 424.66 428.17 424.86 421.11 419.56 418.89 418.13 417.40 417.57 418.62 419.80 418.32 418.16 417.14 417.46 417.34 418.19 418.94
 416.99 417.29 417.08 416.57 418.85 422.55 428.71 427.44 424.65 418.58 417.54 417.16 416.64 416.26 416.76 417.53 417.42 417.19 416.72 416.77 416.46 416.41 416.46 416.76
 415.23 415.02 415.06 414.72 418.69 424.83 429.21 426.61 421.07 417.11 416.02 415.63 415.46 415.63 416.24 416.44 416.43 416.14 416.02 415.97 415.73 415.45 415.38 415.08
 414.77 414.67 414.42 414.28 417.74 423.19 426.77 423.52 418.43 415.17 414.62 414.23 414.28 414.96 415.81 416.14 415.57 414.69 414.61 414.73 414.72 414.83 414.89 414.90
 414.43 414.23 413.99 413.73 415.82 418.92 421.34 419.01 416.33 414.10 413.76 413.32 413.40 414.02 415.16 415.22 414.20 413.27 413.26 413.66 413.88 414.29 414.58 414.57
 414.12 414.05 413.77 413.66 414.34 415.41 415.87 415.30 414.31 413.62 413.26 413.06 412.97 413.23 413.96 414.17 413.57 413.11 413.26 413.37 413.56 413.88 414.20 414.25
 414.07 414.08 414.03 414.09 414.34 414.39 414.16 413.94 413.73 413.44 413.23 413.11 412.99 412.92 413.16 413.27 413.40 413.35 413.49 413.57 413.66 413.87 414.03 414.07
 413.71 413.71 413.71 413.71 413.71 413.71 413.71 413.71 413.71 413.71 413.71 413.71 413.71 413.71 413.71 413.71 413.71 413.71 413.71 413.71 413.71 413.71 413.71 413.71
