2017 MONTHLY CO2 (PPMV)   24  12  LON/LAT (N-S/0-360E) IN 15 DEGREE RESOLUTION,  GLB ANNUAL MEAN = 405.07,  GROWTH RATE = 2.45,  MISS DATA = -99.99
 409.74 409.74 409.74 409.74 409.74 409.74 409.74 409.74 409.74 409.74 409.74 409.74 409.74 409.74 409.74 409.74 409.74 409.74 409.74 409.74 409.74 409.74 409.74 409.74
 409.64 410.86 411.95 411.42 409.41 407.67 407.69 409.25 410.11 409.72 409.02 408.78 409.31 409.59 410.55 412.00 412.17 411.65 410.81 409.84 407.92 406.32 406.31 407.30
 409.00 410.75 411.02 410.24 408.55 406.32 405.83 407.91 409.77 410.13 409.14 408.52 408.71 408.75 409.54 410.36 411.41 411.01 410.42 409.09 407.26 406.22 406.09 407.10
 407.84 408.87 409.76 409.38 408.20 406.41 406.71 408.28 410.94 409.78 408.75 408.01 407.69 407.26 407.03 407.87 408.12 409.12 408.23 407.43 406.76 405.98 405.68 406.11
 406.12 406.82 407.64 407.11 406.78 406.15 407.67 410.72 410.29 408.87 407.29 406.68 406.00 405.28 405.14 405.42 405.99 405.73 405.96 406.26 405.66 405.24 404.89 404.98
 404.16 405.10 405.28 404.91 404.36 404.22 406.23 407.55 408.32 406.11 405.29 404.88 404.17 403.89 403.97 404.37 403.67 403.59 403.95 404.68 404.29 403.55 403.30 403.54
 402.37 402.46 403.31 403.49 403.28 402.39 402.42 403.42 403.94 403.72 403.07 402.88 402.76 402.95 403.30 403.42 402.81 402.52 402.97 403.21 402.69 401.98 401.98 401.97
 400.74 400.91 401.71 402.64 402.40 401.23 400.62 400.92 401.24 401.39 401.00 401.43 401.89 402.48 402.62 402.33 402.01 401.83 402.21 402.13 401.87 401.53 401.34 401.16
 400.36 400.29 400.69 401.08 401.21 401.07 400.84 400.67 400.62 400.25 400.20 400.49 401.53 402.13 402.10 401.95 401.69 401.56 401.38 401.38 401.21 401.21 401.10 400.71
 400.04 399.93 399.89 399.95 400.12 400.22 400.21 400.10 399.99 399.88 399.70 400.27 401.00 401.88 401.96 401.76 401.44 400.99 400.73 400.49 400.65 400.61 400.53 400.32
 399.94 399.84 399.84 399.94 400.05 400.03 399.89 399.78 399.76 399.72 399.74 399.94 400.70 401.43 401.94 401.65 401.01 400.34 399.97 399.90 399.94 400.11 400.14 400.05
 400.15 400.15 400.15 400.15 400.15 400.15 400.15 400.15 400.15 400.15 400.15 400.15 400.15 400.15 400.15 400.15 400.15 400.15 400.15 400.15 400.15 400.15 400.15 400.15
 410.17 410.17 410.17 410.17 410.17 410.17 410.17 410.17 410.17 410.17 410.17 410.17 410.17 410.17 410.17 410.17 410.17 410.17 410.17 410.17 410.17 410.17 410.17 410.17
 410.63 410.31 410.18 409.56 408.89 408.87 409.46 410.92 411.52 411.09 410.07 409.78 410.34 410.86 409.88 409.86 410.43 411.75 411.88 411.07 409.28 407.67 407.79 408.84
 410.42 411.88 412.38 411.74 411.56 409.24 408.74 409.77 410.98 410.83 409.81 409.09 409.27 409.14 408.85 408.74 410.48 411.53 411.26 410.19 408.44 407.44 407.46 408.47
 410.32 413.80 416.40 416.95 414.14 411.91 411.22 411.59 411.90 410.35 409.37 408.64 408.07 407.73 407.14 408.15 408.48 409.88 409.37 408.47 407.86 407.09 406.94 407.42
 409.36 413.86 419.34 416.63 413.75 411.95 413.92 414.43 411.96 409.77 408.26 407.50 406.68 406.06 406.26 406.60 407.16 406.94 406.99 407.35 406.66 406.11 405.77 406.01
 406.34 411.54 413.85 412.46 408.60 408.63 410.77 411.27 409.93 407.45 406.33 405.62 404.72 404.67 404.96 405.40 404.72 404.44 404.87 405.47 404.92 403.81 403.49 404.02
 403.44 404.58 406.81 406.33 405.22 403.79 404.09 404.96 405.02 404.74 403.87 403.30 403.05 403.45 403.98 404.05 403.18 402.88 403.48 403.77 402.69 401.50 401.61 401.90
 400.60 400.82 401.93 403.25 402.81 401.24 400.36 400.91 401.50 401.98 401.46 401.74 402.11 402.79 402.93 402.45 401.89 401.83 402.49 402.46 401.70 400.98 400.86 400.91
 400.45 400.47 400.94 401.40 401.34 400.83 400.16 400.25 400.61 400.53 400.49 400.84 401.88 402.48 402.23 401.87 401.54 401.62 401.75 401.82 401.44 401.12 400.87 400.65
 400.25 400.17 400.10 400.08 400.23 400.11 399.85 399.76 399.90 400.00 399.94 400.59 401.38 402.25 402.12 401.73 401.42 401.26 401.23 401.17 401.15 400.86 400.55 400.36
 400.15 400.10 400.08 400.14 400.24 400.05 399.74 399.51 399.60 399.72 399.89 400.18 401.03 401.79 402.22 401.78 401.23 400.75 400.52 400.45 400.42 400.37 400.24 400.16
 400.32 400.32 400.32 400.32 400.32 400.32 400.32 400.32 400.32 400.32 400.32 400.32 400.32 400.32 400.32 400.32 400.32 400.32 400.32 400.32 400.32 400.32 400.32 400.32
 411.27 411.27 411.27 411.27 411.27 411.27 411.27 411.27 411.27 411.27 411.27 411.27 411.27 411.27 411.27 411.27 411.27 411.27 411.27 411.27 411.27 411.27 411.27 411.27
 411.66 412.83 414.32 414.19 412.46 411.29 410.67 411.62 411.70 411.67 411.14 410.96 410.97 411.04 410.31 410.12 410.41 411.51 411.97 411.84 410.56 409.10 408.66 409.37
 411.16 413.60 415.20 414.83 413.83 410.74 410.95 412.17 413.48 412.71 411.70 410.54 410.20 409.96 409.37 409.10 410.64 411.55 412.16 411.41 410.33 408.95 408.27 408.75
 411.21 415.52 418.44 419.21 415.48 412.46 411.78 413.55 413.63 412.36 410.90 409.63 409.09 408.87 408.21 408.64 409.29 410.87 410.43 410.11 409.85 408.68 407.87 408.08
 411.13 416.00 421.97 418.18 414.33 411.21 412.68 412.55 411.72 410.00 408.73 407.95 407.60 407.25 407.54 407.90 408.66 408.16 408.16 408.48 408.34 407.45 406.76 406.99
 407.91 413.85 415.52 413.12 408.27 407.25 407.98 408.30 407.71 406.55 406.05 405.76 405.35 405.69 406.29 406.96 406.20 405.33 405.64 406.33 406.09 404.98 404.49 404.99
 404.57 405.51 407.25 405.60 404.14 402.09 402.17 403.07 403.96 404.18 403.74 403.47 403.47 403.92 404.77 404.99 403.94 403.71 404.42 405.01 403.89 402.70 402.65 402.72
 401.14 401.13 401.79 402.62 401.94 400.26 399.33 400.25 401.28 402.01 401.76 402.02 402.28 402.90 403.22 402.85 402.25 402.51 403.88 404.17 403.31 402.34 401.94 401.69
 400.98 400.94 401.15 401.42 401.15 400.43 399.79 400.00 400.61 400.71 400.89 401.27 402.03 402.43 402.32 402.11 401.85 402.40 403.14 403.64 402.99 402.33 401.77 401.30
 400.69 400.57 400.49 400.45 400.45 400.16 399.82 399.74 399.93 400.13 400.24 400.91 401.59 402.19 402.13 401.93 401.79 401.98 402.28 402.34 402.27 401.69 401.07 400.82
 400.42 400.36 400.30 400.36 400.42 400.14 399.73 399.43 399.58 399.78 400.04 400.38 401.18 401.82 402.15 401.91 401.63 401.38 401.12 401.06 400.95 400.75 400.49 400.42
 400.49 400.49 400.49 400.49 400.49 400.49 400.49 400.49 400.49 400.49 400.49 400.49 400.49 400.49 400.49 400.49 400.49 400.49 400.49 400.49 400.49 400.49 400.49 400.49
 410.86 410.86 410.86 410.86 410.86 410.86 410.86 410.86 410.86 410.86 410.86 410.86 410.86 410.86 410.86 410.86 410.86 410.86 410.86 410.86 410.86 410.86 410.86 410.86
 410.80 411.72 412.14 412.00 411.33 411.37 411.08 411.71 411.86 412.05 411.91 411.77 411.65 411.46 410.69 409.87 409.81 410.71 411.56 411.63 410.78 409.58 408.97 409.19
 410.06 411.71 413.82 414.11 414.56 412.00 412.13 413.46 414.77 414.24 412.72 411.50 411.12 410.97 409.96 409.13 409.31 410.88 411.93 411.71 409.86 408.84 408.56 408.57
 410.21 415.07 419.02 421.40 417.70 414.69 413.39 415.04 415.50 413.92 411.77 410.22 410.07 410.05 409.43 408.83 408.39 409.83 411.25 410.47 408.88 407.99 408.13 408.01
 410.67 416.67 424.62 420.87 416.61 413.18 414.34 413.50 412.53 411.00 409.00 408.17 408.23 408.39 408.88 408.85 408.18 408.17 408.87 409.24 407.85 407.04 406.85 407.01
 407.96 414.91 417.22 414.35 408.62 408.13 408.82 408.54 407.59 406.52 405.96 405.63 405.59 406.42 407.64 408.20 406.99 405.96 406.60 407.35 406.90 405.61 404.98 405.05
 404.98 406.15 407.22 404.35 402.89 401.48 402.18 402.81 403.60 403.89 403.50 403.31 403.37 404.10 405.59 406.07 405.03 404.50 405.28 405.92 405.31 404.29 403.72 403.16
 401.92 401.87 401.65 401.38 400.59 399.54 398.95 399.87 400.98 401.84 401.90 402.04 402.06 402.69 403.57 403.69 403.28 403.30 404.34 404.62 404.37 403.92 403.21 402.47
 401.72 401.60 401.41 401.21 400.76 400.13 399.68 400.03 400.67 401.06 401.42 401.75 401.86 402.10 402.45 402.79 402.76 403.07 403.43 403.75 403.53 403.33 402.80 402.09
 401.33 401.19 401.03 400.92 400.76 400.42 400.12 400.12 400.48 400.83 401.13 401.48 401.73 401.87 402.12 402.45 402.54 402.53 402.54 402.57 402.54 402.19 401.73 401.49
 400.92 400.87 400.79 400.77 400.75 400.49 400.19 400.03 400.26 400.62 400.90 401.12 401.44 401.70 401.90 402.07 402.06 401.81 401.51 401.40 401.31 401.12 400.90 400.88
 400.89 400.89 400.89 400.89 400.89 400.89 400.89 400.89 400.89 400.89 400.89 400.89 400.89 400.89 400.89 400.89 400.89 400.89 400.89 400.89 400.89 400.89 400.89 400.89
 409.42 409.42 409.42 409.42 409.42 409.42 409.42 409.42 409.42 409.42 409.42 409.42 409.42 409.42 409.42 409.42 409.42 409.42 409.42 409.42 409.42 409.42 409.42 409.42
 408.76 408.64 407.90 407.62 408.24 409.93 410.51 411.13 411.21 410.96 410.52 410.48 411.04 411.15 409.93 408.49 408.13 408.82 409.32 409.34 409.25 408.80 408.42 408.00
 407.73 408.50 410.67 411.57 413.63 411.84 411.68 412.10 412.63 411.83 410.44 410.11 410.59 410.77 409.50 408.11 407.63 408.45 408.16 407.78 407.30 407.93 408.20 407.45
 408.29 413.14 417.90 421.63 418.61 416.38 412.85 413.19 412.13 411.51 409.85 409.30 409.78 409.97 409.33 408.49 407.32 407.52 407.89 406.65 406.13 407.15 408.04 406.99
 409.76 416.63 426.10 422.70 418.74 415.10 414.53 410.57 410.12 409.94 408.37 407.91 408.10 408.51 409.15 408.83 407.53 407.11 407.30 407.15 406.34 406.64 406.78 406.28
 407.81 416.04 419.14 416.38 409.92 409.38 407.58 407.04 405.88 407.15 406.39 405.56 405.45 406.62 407.90 407.91 406.36 405.60 406.47 407.24 406.93 405.82 405.09 404.69
 405.24 407.07 408.54 405.36 403.39 400.81 400.81 401.39 403.36 404.45 404.03 403.17 403.00 404.19 405.59 405.45 403.86 403.51 404.82 405.97 405.75 404.87 403.98 403.05
 402.29 402.52 402.19 401.69 400.37 398.67 397.66 399.11 401.09 402.51 402.27 401.93 401.73 402.42 403.07 402.56 401.73 401.97 403.39 404.17 404.46 404.38 403.55 402.62
 402.29 402.28 401.91 401.46 400.68 399.92 399.32 400.06 401.04 401.70 401.82 401.84 401.61 401.63 401.53 401.45 401.32 401.94 402.67 403.23 403.38 403.54 403.15 402.51
 402.04 401.92 401.54 401.25 401.01 400.85 400.78 400.93 401.30 401.64 401.83 401.81 401.70 401.41 401.21 401.22 401.42 401.91 402.31 402.52 402.56 402.40 402.12 402.07
 401.60 401.58 401.41 401.28 401.21 401.19 401.18 401.17 401.34 401.59 401.78 401.80 401.70 401.51 401.24 401.25 401.50 401.77 401.76 401.73 401.67 401.51 401.36 401.46
 401.41 401.41 401.41 401.41 401.41 401.41 401.41 401.41 401.41 401.41 401.41 401.41 401.41 401.41 401.41 401.41 401.41 401.41 401.41 401.41 401.41 401.41 401.41 401.41
 404.84 404.84 404.84 404.84 404.84 404.84 404.84 404.84 404.84 404.84 404.84 404.84 404.84 404.84 404.84 404.84 404.84 404.84 404.84 404.84 404.84 404.84 404.84 404.84
 405.56 404.64 402.42 401.53 402.59 405.50 406.31 407.08 407.04 407.55 408.13 408.22 407.66 406.82 405.65 402.97 401.98 401.31 402.04 402.68 404.17 404.93 404.76 404.54
 404.51 404.51 404.99 405.63 410.92 410.02 409.42 407.11 407.69 407.71 408.25 408.48 408.04 407.55 406.21 404.28 402.56 401.37 399.81 399.56 402.81 405.01 405.40 404.30
 405.16 408.44 411.06 415.83 418.72 423.38 414.82 410.90 405.43 407.96 408.05 408.07 407.95 407.56 406.92 405.52 405.00 403.05 400.78 400.32 402.49 405.27 406.21 404.52
 407.37 412.52 420.14 418.72 422.54 425.31 424.20 408.41 405.42 407.16 407.73 407.31 407.02 407.10 407.24 406.78 406.51 405.17 404.50 403.04 404.27 405.40 405.64 404.75
 406.69 413.74 416.56 415.55 413.19 418.63 413.34 408.84 402.55 406.36 406.46 405.52 405.06 405.97 406.69 406.31 405.23 405.16 405.45 405.69 405.28 404.86 404.47 404.24
 405.17 406.83 408.69 406.56 405.83 402.95 402.54 401.24 403.27 404.42 404.57 403.40 403.09 404.19 405.09 404.64 403.18 403.09 404.29 405.14 404.71 404.02 403.71 403.37
 402.71 402.62 402.66 402.67 401.01 398.50 396.95 398.82 401.43 403.24 402.71 402.16 401.87 402.54 402.97 402.30 401.41 401.69 402.89 403.57 403.63 403.62 403.42 403.09
 402.80 402.79 402.46 402.23 401.23 399.99 398.97 400.05 401.42 402.25 402.21 402.00 401.72 401.76 401.56 401.29 401.11 401.71 402.47 402.94 403.03 403.18 403.16 402.95
 402.64 402.51 402.17 401.85 401.52 401.19 401.05 401.30 401.78 402.13 402.21 402.09 401.84 401.50 401.18 401.11 401.30 401.91 402.40 402.67 402.67 402.56 402.41 402.50
 402.17 402.15 401.97 401.83 401.71 401.69 401.70 401.71 401.86 402.13 402.27 402.25 402.00 401.65 401.25 401.23 401.60 402.05 402.18 402.21 402.12 401.95 401.83 401.99
 401.87 401.87 401.87 401.87 401.87 401.87 401.87 401.87 401.87 401.87 401.87 401.87 401.87 401.87 401.87 401.87 401.87 401.87 401.87 401.87 401.87 401.87 401.87 401.87
 398.48 398.48 398.48 398.48 398.48 398.48 398.48 398.48 398.48 398.48 398.48 398.48 398.48 398.48 398.48 398.48 398.48 398.48 398.48 398.48 398.48 398.48 398.48 398.48
 402.37 402.30 402.07 401.24 400.90 400.22 398.60 397.99 398.40 400.20 401.88 401.77 399.83 398.38 397.91 396.81 395.69 394.88 395.20 396.93 398.59 399.35 399.01 399.94
 402.97 404.71 403.71 403.25 405.75 404.04 401.22 399.70 401.65 404.25 405.03 403.31 401.25 400.21 399.41 398.50 397.57 395.23 394.83 396.29 400.52 401.56 401.03 401.04
 403.96 405.77 406.49 408.06 410.29 413.10 407.70 404.70 404.18 407.11 406.28 404.03 402.74 402.16 401.45 400.46 400.55 399.27 397.00 399.61 402.58 403.71 403.01 402.21
 404.26 406.70 410.30 410.11 412.72 415.02 414.77 407.26 405.45 406.88 406.32 404.32 403.71 403.83 403.29 402.54 403.13 402.38 402.78 402.30 404.37 404.59 403.80 403.13
 404.13 407.58 409.46 409.57 407.72 410.40 408.31 406.90 404.28 405.94 405.27 403.71 403.48 404.05 404.16 403.51 403.24 404.01 404.20 404.49 404.08 404.03 403.57 403.24
 403.62 404.51 406.05 405.68 403.84 400.46 398.93 400.01 402.92 404.75 404.22 403.01 402.63 403.50 404.04 403.84 403.36 403.58 404.29 404.50 404.09 403.59 403.38 403.12
 402.40 402.17 402.63 403.23 401.16 397.50 395.18 397.50 400.94 403.27 403.00 402.48 402.12 402.58 403.32 403.36 403.12 403.35 403.94 404.18 403.87 403.55 403.31 402.94
 402.35 402.29 402.43 402.66 401.49 399.52 397.91 399.38 401.26 402.60 402.77 402.64 402.13 402.19 402.56 402.95 403.02 403.33 403.77 404.00 403.79 403.44 403.09 402.68
 402.34 402.26 402.26 402.22 401.93 401.26 400.94 401.29 402.15 402.78 403.11 402.90 402.44 402.06 402.24 402.69 402.97 403.20 403.36 403.50 403.35 403.03 402.59 402.38
 402.23 402.23 402.21 402.19 402.12 402.02 402.02 402.07 402.41 402.90 403.22 403.17 402.73 402.29 402.10 402.41 402.76 402.93 402.88 402.79 402.73 402.49 402.24 402.21
 402.40 402.40 402.40 402.40 402.40 402.40 402.40 402.40 402.40 402.40 402.40 402.40 402.40 402.40 402.40 402.40 402.40 402.40 402.40 402.40 402.40 402.40 402.40 402.40
 394.27 394.27 394.27 394.27 394.27 394.27 394.27 394.27 394.27 394.27 394.27 394.27 394.27 394.27 394.27 394.27 394.27 394.27 394.27 394.27 394.27 394.27 394.27 394.27
 397.92 397.33 394.89 393.91 394.73 395.51 394.79 394.60 395.36 395.96 395.81 395.12 394.40 394.37 394.43 394.20 393.88 394.01 394.57 395.61 396.14 396.40 395.82 396.26
 400.05 401.31 400.60 401.13 404.93 402.28 397.79 395.82 397.76 399.89 398.82 396.64 395.81 395.78 395.65 395.37 395.07 394.50 395.07 396.48 398.55 398.22 397.26 397.73
 402.28 405.74 408.28 411.88 414.36 417.25 408.36 403.16 401.53 403.31 401.34 398.99 398.26 398.36 397.75 397.04 397.58 397.53 396.76 399.17 400.81 400.41 398.97 399.41
 403.69 408.58 414.29 414.99 418.89 421.95 421.22 409.33 404.30 404.57 402.94 401.05 400.92 401.06 400.18 399.21 399.87 400.41 400.90 400.96 401.99 401.61 400.80 401.11
 404.00 408.94 411.90 412.35 411.34 416.74 414.18 410.62 404.52 404.77 403.60 402.18 402.27 402.42 401.76 400.81 401.16 402.45 402.65 402.37 401.56 401.74 401.81 402.20
 403.94 405.36 406.87 406.17 405.21 402.42 401.39 401.26 403.21 404.26 403.69 402.78 402.60 402.96 402.69 402.28 402.33 402.87 403.21 402.93 402.27 402.15 402.48 402.88
 403.31 403.29 403.43 403.51 401.28 397.76 395.49 397.66 401.04 403.37 403.32 402.99 402.70 402.79 403.07 402.96 402.84 403.19 403.53 403.66 403.20 402.94 402.97 403.23
 403.51 403.59 403.31 403.12 401.79 399.93 398.37 399.82 401.69 403.15 403.43 403.37 402.80 402.69 402.80 402.96 402.92 403.33 403.90 404.20 403.94 403.53 403.22 403.36
 403.51 403.40 403.12 402.83 402.44 401.84 401.55 401.89 402.79 403.60 404.08 403.75 403.20 402.65 402.63 402.78 402.99 403.40 403.70 403.95 403.73 403.41 403.11 403.23
 403.13 403.09 402.90 402.80 402.73 402.68 402.71 402.72 403.16 403.89 404.33 404.24 403.58 403.00 402.61 402.75 403.07 403.35 403.48 403.41 403.35 403.07 402.90 403.00
 403.13 403.13 403.13 403.13 403.13 403.13 403.13 403.13 403.13 403.13 403.13 403.13 403.13 403.13 403.13 403.13 403.13 403.13 403.13 403.13 403.13 403.13 403.13 403.13
 399.54 399.54 399.54 399.54 399.54 399.54 399.54 399.54 399.54 399.54 399.54 399.54 399.54 399.54 399.54 399.54 399.54 399.54 399.54 399.54 399.54 399.54 399.54 399.54
 399.01 400.10 400.45 401.28 401.47 401.73 402.18 404.13 405.61 404.56 401.78 399.26 398.31 397.92 397.94 397.95 398.26 398.80 398.76 398.28 397.44 397.08 396.76 397.11
 400.15 402.53 403.47 406.54 412.71 410.03 405.01 401.11 402.94 403.68 401.73 399.41 399.07 399.11 398.45 398.47 399.18 399.45 399.13 397.61 397.49 397.31 397.62 398.10
 401.25 404.34 407.43 413.57 424.10 435.87 421.83 409.84 401.40 402.86 401.19 399.60 399.90 399.98 399.23 398.90 400.21 400.95 398.93 397.78 397.83 398.46 398.62 399.09
 401.82 405.31 409.25 413.50 429.73 444.78 446.01 417.62 403.94 402.24 400.75 400.04 400.75 401.03 400.06 399.80 401.01 401.57 400.78 399.10 399.17 399.75 400.27 400.51
 402.85 405.42 407.45 409.80 418.48 437.35 434.54 422.32 404.67 402.12 401.37 401.01 401.87 401.93 401.16 400.72 401.36 402.25 401.90 401.05 400.21 400.76 401.55 402.15
 403.62 404.23 404.81 404.51 409.50 412.56 415.24 409.32 405.51 402.51 402.47 402.41 402.67 402.81 402.26 401.92 402.14 402.41 402.22 401.53 400.97 401.40 402.59 403.34
 403.65 403.58 403.49 403.45 403.43 403.42 403.44 403.29 403.08 402.97 403.16 403.15 403.11 403.02 402.94 402.66 402.53 402.72 402.66 402.46 402.01 402.50 403.23 403.78
 403.38 403.25 403.29 403.29 403.32 403.33 403.32 403.22 403.16 403.30 403.49 403.54 403.24 403.13 402.97 402.80 402.71 402.97 403.46 403.54 403.45 403.41 403.53 403.52
 403.17 403.17 403.18 403.22 403.28 403.34 403.32 403.24 403.38 403.66 403.94 403.81 403.51 403.15 402.92 402.78 402.88 403.38 403.76 404.05 403.88 403.69 403.43 403.30
 403.19 403.21 403.26 403.30 403.36 403.37 403.32 403.27 403.48 403.87 404.11 404.06 403.71 403.37 403.02 402.95 403.18 403.54 403.72 403.71 403.66 403.41 403.26 403.19
 403.48 403.48 403.48 403.48 403.48 403.48 403.48 403.48 403.48 403.48 403.48 403.48 403.48 403.48 403.48 403.48 403.48 403.48 403.48 403.48 403.48 403.48 403.48 403.48
 404.59 404.59 404.59 404.59 404.59 404.59 404.59 404.59 404.59 404.59 404.59 404.59 404.59 404.59 404.59 404.59 404.59 404.59 404.59 404.59 404.59 404.59 404.59 404.59
 402.58 402.72 402.60 402.58 403.35 404.60 407.49 410.29 412.25 411.21 408.99 405.91 403.89 402.77 404.76 407.18 408.56 408.11 406.49 404.06 401.65 400.11 399.89 401.03
 404.15 405.80 405.65 406.02 406.11 405.29 404.73 408.90 411.44 412.19 408.50 406.03 404.55 404.20 405.11 406.94 408.61 408.82 407.84 403.92 401.20 400.23 401.10 402.36
 405.44 407.17 409.11 409.52 408.76 407.72 406.30 407.91 412.40 411.02 407.58 405.05 404.31 403.74 404.17 404.98 406.50 407.85 405.89 402.43 400.64 401.00 402.20 403.26
 404.19 406.51 408.44 408.65 408.81 409.33 409.80 410.61 409.75 409.12 405.12 403.93 403.47 403.10 402.77 403.38 404.85 404.89 403.95 401.99 401.18 401.90 403.14 403.85
 403.62 404.46 405.73 405.56 406.74 410.12 412.43 411.12 408.27 405.13 403.89 403.21 403.12 402.79 402.60 403.05 403.50 403.49 402.95 402.45 402.08 402.54 403.43 403.57
 403.51 403.29 403.36 403.20 405.81 409.53 412.76 410.44 406.59 403.72 403.19 403.16 403.12 403.08 403.03 403.24 403.47 403.46 403.12 402.77 402.47 402.88 403.66 404.03
 403.52 403.12 403.14 403.19 405.36 408.58 410.89 408.90 405.59 403.45 403.44 403.34 403.27 403.22 403.36 403.46 403.55 403.51 403.23 403.01 402.81 403.25 403.86 404.10
 403.23 403.02 403.11 403.27 404.59 406.31 407.80 406.38 404.68 403.43 403.55 403.60 403.43 403.35 403.41 403.56 403.60 403.54 403.43 403.33 403.34 403.55 403.76 403.63
 403.08 403.07 403.19 403.31 403.73 404.31 404.62 404.30 403.67 403.37 403.47 403.58 403.57 403.40 403.39 403.48 403.56 403.55 403.47 403.52 403.42 403.49 403.41 403.29
 403.18 403.23 403.33 403.43 403.55 403.59 403.61 403.56 403.48 403.40 403.41 403.48 403.50 403.46 403.37 403.42 403.49 403.51 403.51 403.48 403.47 403.32 403.23 403.17
 403.42 403.42 403.42 403.42 403.42 403.42 403.42 403.42 403.42 403.42 403.42 403.42 403.42 403.42 403.42 403.42 403.42 403.42 403.42 403.42 403.42 403.42 403.42 403.42
 409.39 409.39 409.39 409.39 409.39 409.39 409.39 409.39 409.39 409.39 409.39 409.39 409.39 409.39 409.39 409.39 409.39 409.39 409.39 409.39 409.39 409.39 409.39 409.39
 407.89 409.75 410.42 409.76 408.66 407.93 409.48 411.58 413.30 412.66 411.40 409.51 408.53 407.77 407.86 410.36 412.81 414.81 413.65 410.95 407.92 405.65 404.90 405.53
 407.19 409.63 410.00 409.43 407.90 407.11 407.77 413.21 415.95 416.36 411.56 409.21 408.14 407.29 407.10 408.67 412.25 415.05 414.92 411.10 406.48 404.99 405.43 405.79
 406.66 406.88 408.09 407.02 407.29 407.81 409.18 413.01 418.87 415.52 410.82 407.98 407.17 406.59 406.33 407.82 409.15 411.77 411.70 407.82 404.68 404.45 405.75 405.93
 404.76 403.92 402.29 403.42 405.34 408.33 410.73 414.11 413.78 412.69 407.58 406.28 405.96 405.52 405.90 406.98 407.05 407.12 406.35 405.56 403.85 404.27 405.26 405.93
 403.94 401.47 400.66 401.04 404.12 407.38 410.09 410.40 409.61 407.04 405.78 404.95 404.70 404.66 405.22 406.05 405.70 404.47 404.23 404.33 404.56 404.34 404.88 404.92
 403.35 402.02 401.35 402.18 403.65 405.58 406.97 407.04 406.25 405.36 404.57 404.06 403.86 403.99 404.43 404.85 404.65 404.25 404.02 404.17 404.28 404.47 404.80 404.79
 403.59 402.97 403.25 403.63 404.06 404.43 404.86 404.84 404.65 404.58 404.18 403.83 403.55 403.69 403.99 404.09 404.10 404.01 404.00 403.99 404.05 404.37 404.69 404.50
 403.32 403.05 403.17 403.41 403.77 404.12 404.39 404.30 404.18 403.91 403.91 403.79 403.67 403.66 403.80 403.98 404.01 403.94 403.84 403.76 403.81 404.00 404.23 403.90
 403.25 403.20 403.23 403.25 403.45 403.68 403.83 403.84 403.63 403.53 403.53 403.71 403.75 403.73 403.78 403.89 403.94 403.81 403.68 403.67 403.62 403.68 403.62 403.42
 403.32 403.37 403.41 403.45 403.52 403.59 403.62 403.60 403.53 403.45 403.41 403.51 403.66 403.73 403.76 403.77 403.75 403.64 403.59 403.53 403.51 403.41 403.32 403.29
 403.52 403.52 403.52 403.52 403.52 403.52 403.52 403.52 403.52 403.52 403.52 403.52 403.52 403.52 403.52 403.52 403.52 403.52 403.52 403.52 403.52 403.52 403.52 403.52
 412.74 412.74 412.74 412.74 412.74 412.74 412.74 412.74 412.74 412.74 412.74 412.74 412.74 412.74 412.74 412.74 412.74 412.74 412.74 412.74 412.74 412.74 412.74 412.74
 411.51 412.30 412.32 410.77 410.01 410.52 412.47 414.55 415.42 414.96 414.00 413.07 412.69 412.00 411.45 414.39 417.19 419.29 416.93 413.79 411.10 409.34 409.00 409.28
 410.42 412.68 411.67 409.84 408.68 409.04 411.26 414.11 415.83 415.44 413.54 412.46 411.90 410.84 409.74 411.56 416.19 418.57 416.94 412.93 408.81 408.14 409.06 409.42
 409.34 408.52 408.53 406.21 407.43 409.36 412.57 415.03 416.95 414.14 412.35 411.14 410.40 409.47 408.36 410.11 411.71 414.33 413.38 409.45 406.48 406.70 408.58 408.56
 406.35 404.15 401.07 402.38 405.37 409.52 413.83 416.61 414.70 412.14 409.75 409.18 408.54 407.79 407.92 408.98 408.78 409.20 408.55 407.56 405.57 405.97 407.02 407.71
 405.34 402.09 400.54 401.06 404.38 407.28 410.64 411.66 411.16 408.20 407.27 407.01 406.42 406.41 407.24 408.14 407.76 406.85 406.74 406.69 406.38 405.81 406.17 406.33
 404.72 403.58 402.78 403.67 403.89 404.08 404.09 405.55 406.04 406.14 405.28 404.99 404.85 405.13 406.03 406.75 406.60 406.20 406.05 406.17 406.15 406.08 405.97 405.83
 404.96 404.74 404.79 405.00 403.98 402.27 401.28 402.26 403.60 404.52 404.30 404.14 404.02 404.43 405.12 405.61 405.76 405.46 405.15 405.09 405.53 405.91 405.91 405.54
 404.43 404.14 404.03 403.88 403.44 403.02 402.49 403.01 403.65 404.00 404.03 404.00 404.03 404.20 404.77 405.37 405.52 405.03 404.34 404.12 404.50 405.10 405.27 404.87
 403.89 403.70 403.38 403.22 403.18 403.33 403.44 403.57 403.68 403.75 403.77 403.96 404.06 404.22 404.62 405.10 405.14 404.47 403.86 403.61 403.76 404.05 404.21 404.12
 403.58 403.52 403.42 403.41 403.47 403.57 403.64 403.69 403.66 403.64 403.67 403.76 403.98 404.16 404.42 404.65 404.50 404.00 403.74 403.63 403.62 403.55 403.56 403.59
 403.70 403.70 403.70 403.70 403.70 403.70 403.70 403.70 403.70 403.70 403.70 403.70 403.70 403.70 403.70 403.70 403.70 403.70 403.70 403.70 403.70 403.70 403.70 403.70
