2020 MONTHLY CO2 (PPMV)   24  12  LON/LAT (N-S/0-360E) IN 15 DEGREE RESOLUTION,  GLB ANNUAL MEAN = 412.81,  GROWTH RATE = 2.52,  MISS DATA = -99.99
 418.95 418.95 418.95 418.95 418.95 418.95 418.95 418.95 418.95 418.95 418.95 418.95 418.95 418.95 418.95 418.95 418.95 418.95 418.95 418.95 418.95 418.95 418.95 418.95
 418.73 420.98 422.21 421.26 419.21 417.57 417.22 418.04 418.49 419.18 419.24 418.56 417.46 417.15 417.55 419.41 420.89 421.63 420.53 419.16 418.05 417.53 417.46 416.90
 417.09 421.63 419.76 418.98 417.48 416.62 416.77 417.65 418.76 419.33 418.96 418.01 417.28 417.15 417.67 418.49 420.72 421.63 421.05 419.82 417.70 417.51 416.69 416.32
 415.38 414.67 415.21 414.53 416.15 417.59 418.14 418.57 419.13 418.78 417.91 417.33 416.75 416.14 416.00 417.05 417.55 419.29 419.50 418.17 417.57 416.75 415.90 415.18
 413.41 412.08 410.21 411.91 414.59 417.30 419.17 447.32 420.22 417.99 415.24 416.35 415.80 414.12 413.58 414.06 414.84 415.36 416.08 416.77 415.60 415.16 414.28 413.99
 411.73 410.31 410.12 410.88 412.89 414.32 415.17 415.58 415.76 414.50 414.21 414.14 413.66 412.40 411.56 411.61 411.85 412.69 413.59 414.07 413.48 412.21 411.78 411.92
 410.05 410.03 410.78 411.93 411.57 410.18 409.22 410.39 411.24 411.60 411.33 411.58 411.59 411.28 410.85 410.32 410.51 411.09 411.89 411.84 410.75 409.64 409.68 409.99
 409.23 409.39 410.15 411.05 410.18 408.15 406.84 407.47 408.57 409.23 409.41 409.66 410.24 410.56 410.38 410.16 410.00 410.10 410.04 409.59 408.89 408.51 408.74 409.16
 409.21 409.26 409.32 409.48 409.13 408.64 407.96 408.37 408.99 409.29 409.22 409.14 409.42 409.90 410.26 410.21 410.00 409.51 408.73 408.21 408.12 408.31 408.76 409.13
 409.13 408.98 408.69 408.53 408.72 408.89 408.73 408.63 408.67 408.66 408.49 408.60 408.86 409.42 410.04 410.14 409.73 408.93 408.31 408.02 408.14 408.43 408.80 409.03
 408.92 408.83 408.00 408.78 409.08 409.10 408.77 408.49 408.39 408.26 408.19 408.23 408.48 409.02 409.57 409.74 409.14 408.49 408.21 408.13 408.32 408.59 408.84 408.93
 408.63 408.63 408.63 408.63 408.63 408.63 408.63 408.63 408.63 408.63 408.63 408.63 408.63 408.63 408.63 408.63 408.63 408.63 408.63 408.63 408.63 408.63 408.63 408.63
 419.29 419.29 419.29 419.29 419.29 419.29 419.29 419.29 419.29 419.29 419.29 419.29 419.29 419.29 419.29 419.29 419.29 419.29 419.29 419.29 419.29 419.29 419.29 419.29
 421.04 421.96 421.82 420.69 418.97 417.97 417.98 419.13 419.71 420.07 420.31 419.94 419.18 418.38 418.08 418.27 418.56 419.01 418.97 418.77 418.87 419.38 419.98 419.84
 421.21 434.40 421.73 420.46 419.56 417.67 417.48 418.59 419.91 420.34 420.10 419.56 418.81 418.27 418.08 418.09 418.93 419.96 419.76 419.38 418.26 419.16 419.28 419.92
 419.87 421.07 421.93 421.90 420.57 419.75 419.57 420.19 420.62 420.65 418.76 417.96 417.38 416.56 416.74 417.36 417.73 419.20 419.48 418.18 418.06 417.99 418.06 418.27
 417.70 420.18 422.99 421.61 420.27 419.59 421.36 430.01 419.53 418.11 415.46 416.03 415.30 414.25 414.38 415.38 416.18 416.58 417.16 417.38 416.13 416.14 415.89 416.02
 414.85 417.98 419.90 419.09 416.24 415.89 417.01 417.78 417.10 415.51 414.61 414.05 413.28 412.49 412.95 414.04 414.85 415.47 415.64 415.27 414.25 413.29 413.25 413.31
 412.46 413.41 415.08 414.73 412.95 410.46 409.66 411.23 412.78 413.48 412.75 412.08 411.70 411.70 412.54 413.46 414.14 414.08 413.59 412.91 411.86 411.09 411.18 411.33
 410.23 410.25 410.70 411.40 410.17 407.83 406.34 407.81 409.89 411.36 410.87 410.49 410.45 411.04 412.29 413.24 412.63 411.18 410.71 410.48 409.96 409.96 410.27 410.45
 409.81 409.64 409.65 409.65 408.99 408.17 407.31 408.19 409.30 409.71 409.62 409.41 409.58 410.21 411.72 411.70 410.00 408.33 408.19 408.63 408.77 409.28 409.80 409.96
 409.29 409.07 408.72 408.49 408.40 408.35 408.29 408.50 408.74 408.82 408.62 408.72 408.98 409.41 410.30 410.10 408.75 407.86 408.09 408.30 408.45 408.80 409.19 409.37
 408.91 408.78 408.59 408.52 408.53 408.57 408.51 408.42 408.39 408.31 408.25 408.32 408.56 408.88 409.19 408.80 408.42 408.10 408.37 408.45 408.54 408.68 408.85 408.93
 408.51 408.51 408.51 408.51 408.51 408.51 408.51 408.51 408.51 408.51 408.51 408.51 408.51 408.51 408.51 408.51 408.51 408.51 408.51 408.51 408.51 408.51 408.51 408.51
 419.92 419.92 419.92 419.92 419.92 419.92 419.92 419.92 419.92 419.92 419.92 419.92 419.92 419.92 419.92 419.92 419.92 419.92 419.92 419.92 419.92 419.92 419.92 419.92
 421.86 421.93 421.76 420.60 419.19 418.36 418.36 419.39 419.90 420.57 421.41 421.38 420.56 419.56 419.63 420.92 421.77 421.75 420.35 419.27 418.95 419.33 420.00 420.45
 421.95 440.71 422.49 421.07 420.05 417.98 417.82 419.11 420.36 421.00 421.07 420.85 419.97 419.50 419.68 420.52 422.02 421.81 420.62 419.52 418.66 419.02 419.40 420.36
 420.93 422.79 424.11 423.78 421.23 419.16 417.76 418.70 419.55 422.40 419.27 418.37 417.93 417.23 417.98 419.32 419.71 419.92 419.21 418.53 418.26 417.92 418.08 418.64
 418.81 422.08 426.09 424.07 420.85 417.86 417.35 429.32 420.96 417.87 415.99 415.99 415.20 414.57 415.13 416.50 417.10 416.54 417.05 417.28 416.83 416.48 416.25 416.48
 416.09 420.27 422.48 421.17 416.42 413.78 412.29 413.34 414.23 415.45 415.04 414.25 413.52 412.78 413.49 414.78 415.83 416.21 416.03 415.92 415.89 415.31 414.75 414.01
 413.53 414.73 416.52 415.68 412.84 408.73 406.92 408.82 411.91 413.62 413.39 412.68 412.37 412.29 413.20 414.40 415.27 415.03 414.13 413.93 414.47 414.27 413.07 412.14
 410.85 410.84 411.19 411.79 410.04 406.90 404.94 406.97 409.90 411.90 411.23 410.81 410.85 411.65 413.18 414.37 413.80 411.95 411.13 411.35 411.98 412.08 411.67 411.08
 410.23 410.00 410.02 409.99 408.98 407.66 406.50 407.81 409.38 410.02 409.79 409.26 409.42 410.39 412.49 412.72 410.86 408.76 408.27 408.88 409.18 409.78 410.32 410.39
 409.48 409.27 408.96 408.71 408.37 408.09 408.14 408.61 408.99 409.19 408.90 408.71 408.63 409.17 410.60 410.81 409.40 408.13 408.13 408.17 408.31 408.77 409.28 409.62
 409.02 408.92 408.73 408.54 408.35 408.40 408.56 408.70 408.76 408.76 408.72 408.63 408.52 408.58 409.07 409.06 408.80 408.33 408.49 408.58 408.63 408.79 408.96 409.05
 408.63 408.63 408.63 408.63 408.63 408.63 408.63 408.63 408.63 408.63 408.63 408.63 408.63 408.63 408.63 408.63 408.63 408.63 408.63 408.63 408.63 408.63 408.63 408.63
 421.48 421.48 421.48 421.48 421.48 421.48 421.48 421.48 421.48 421.48 421.48 421.48 421.48 421.48 421.48 421.48 421.48 421.48 421.48 421.48 421.48 421.48 421.48 421.48
 419.61 420.37 422.26 422.96 422.00 420.84 420.67 421.54 421.98 422.20 422.38 422.29 421.94 421.42 420.91 420.89 421.20 421.95 422.03 421.56 420.68 420.22 420.24 419.57
 418.41 442.78 420.65 422.13 421.73 420.07 419.79 420.74 421.64 421.91 421.82 421.60 421.20 420.86 420.45 420.26 420.70 421.79 422.07 421.92 420.52 420.38 419.76 419.34
 418.32 418.73 421.03 422.88 421.84 420.41 419.37 419.85 420.31 421.32 420.20 419.74 419.40 418.53 418.37 418.67 418.97 419.95 420.79 420.50 420.29 419.62 419.02 418.40
 417.79 420.15 423.54 422.88 420.50 418.29 417.98 423.45 420.26 418.71 417.33 417.57 416.72 415.52 415.08 416.29 417.12 417.81 418.09 418.91 418.53 418.18 417.33 416.94
 415.40 418.83 420.98 419.96 415.65 413.09 411.87 413.15 414.30 415.56 415.51 415.18 414.32 412.99 413.41 415.25 417.43 417.98 417.59 417.12 417.47 416.58 415.30 413.90
 412.56 413.90 415.63 414.91 411.80 407.46 405.53 407.68 410.73 412.67 412.81 412.81 412.49 412.12 412.94 415.30 417.02 417.05 415.51 415.26 415.90 415.14 412.79 411.17
 410.18 410.46 410.89 411.39 409.33 405.82 403.56 405.51 408.42 410.41 410.52 410.88 411.24 411.64 413.00 414.75 415.03 413.33 412.26 412.42 413.11 412.35 410.95 409.93
 410.02 410.05 410.07 410.07 408.91 407.41 406.03 407.22 408.66 409.60 409.77 409.91 410.39 411.02 412.51 412.84 411.26 409.49 408.83 409.48 409.71 409.79 409.76 409.82
 409.70 409.61 409.35 409.15 408.90 408.60 408.48 408.74 409.19 409.49 409.52 409.60 409.83 410.35 411.27 411.11 409.79 408.58 408.48 408.47 408.56 408.84 409.21 409.60
 409.37 409.34 409.21 409.14 409.08 409.11 409.16 409.21 409.28 409.45 409.51 409.53 409.62 409.91 410.27 409.85 409.24 408.68 408.78 408.85 408.90 409.03 409.19 409.33
 409.24 409.24 409.24 409.24 409.24 409.24 409.24 409.24 409.24 409.24 409.24 409.24 409.24 409.24 409.24 409.24 409.24 409.24 409.24 409.24 409.24 409.24 409.24 409.24
 420.21 420.21 420.21 420.21 420.21 420.21 420.21 420.21 420.21 420.21 420.21 420.21 420.21 420.21 420.21 420.21 420.21 420.21 420.21 420.21 420.21 420.21 420.21 420.21
 415.26 415.57 417.89 419.86 419.33 418.74 419.43 421.12 421.90 422.09 422.17 421.94 421.52 420.99 419.80 418.32 418.12 418.68 419.74 419.90 419.69 419.51 419.27 417.49
 413.93 435.51 417.08 419.59 419.17 417.41 417.68 419.68 421.10 421.53 421.39 421.20 420.74 420.06 418.96 417.90 417.49 418.58 419.08 419.43 419.46 419.76 418.73 416.84
 415.16 416.73 419.46 422.00 419.48 416.77 416.52 418.18 419.80 419.88 419.69 419.54 419.30 418.34 417.34 416.54 417.43 418.13 418.56 418.67 419.37 419.04 418.24 416.47
 417.33 420.71 425.26 422.94 418.64 414.93 414.92 419.02 419.97 417.90 417.11 417.42 416.95 415.70 414.42 415.43 416.87 417.81 417.75 417.99 418.19 417.84 416.70 415.86
 415.16 419.56 421.75 420.06 414.48 411.43 411.21 412.63 413.93 414.27 414.40 414.58 414.08 412.77 413.06 415.33 418.21 419.07 418.23 417.39 417.55 416.49 414.86 413.32
 412.38 413.88 415.36 413.92 411.21 408.07 407.09 408.57 410.04 411.14 411.41 411.93 411.69 411.30 412.22 415.44 417.90 418.30 416.47 415.99 416.41 415.31 412.47 410.71
 410.11 410.46 410.53 410.55 409.20 407.20 405.84 406.71 408.05 409.01 409.61 410.32 410.73 410.80 412.03 414.40 415.60 414.45 413.31 413.31 413.81 412.56 410.71 409.57
 410.09 410.19 410.08 409.88 409.11 408.29 407.49 407.94 408.46 409.05 409.44 410.04 410.55 410.73 411.57 412.24 411.50 410.44 409.82 410.42 410.46 410.11 409.66 409.71
 409.86 409.82 409.56 409.41 409.19 409.09 409.03 409.05 409.20 409.33 409.51 409.84 410.29 410.63 411.03 410.81 410.09 409.37 409.21 409.22 409.17 409.19 409.34 409.68
 409.55 409.53 409.42 409.35 409.30 409.35 409.37 409.40 409.42 409.44 409.49 409.62 409.97 410.37 410.57 410.14 409.62 409.27 409.28 409.29 409.31 409.33 409.40 409.52
 409.49 409.49 409.49 409.49 409.49 409.49 409.49 409.49 409.49 409.49 409.49 409.49 409.49 409.49 409.49 409.49 409.49 409.49 409.49 409.49 409.49 409.49 409.49 409.49
 416.07 416.07 416.07 416.07 416.07 416.07 416.07 416.07 416.07 416.07 416.07 416.07 416.07 416.07 416.07 416.07 416.07 416.07 416.07 416.07 416.07 416.07 416.07 416.07
 413.54 413.42 413.94 414.47 413.67 413.35 414.61 416.75 417.77 417.93 418.05 418.19 418.45 418.55 416.82 413.34 411.61 410.63 412.52 414.16 416.25 416.71 416.27 414.94
 412.46 428.63 414.21 415.16 414.13 412.26 412.43 414.68 416.34 417.09 417.11 417.42 417.53 417.19 415.64 413.47 410.81 410.28 410.08 413.20 416.55 417.68 415.97 414.25
 413.18 414.43 416.30 417.47 414.95 412.41 413.68 415.38 417.28 411.50 416.06 416.41 416.43 415.96 414.87 412.86 413.08 411.73 411.99 414.25 417.57 417.37 415.81 414.09
 414.98 416.60 419.02 417.34 414.33 412.41 414.62 410.59 416.65 415.65 415.71 415.14 415.01 414.41 413.18 413.49 414.15 414.65 414.78 415.52 416.55 416.14 414.53 413.95
 413.94 416.09 416.25 414.90 411.70 410.41 413.09 415.09 415.76 413.29 412.85 413.21 413.18 412.60 412.82 414.33 416.38 417.25 416.58 415.67 414.73 413.75 412.93 412.76
 412.24 412.46 412.65 411.43 409.63 408.09 407.60 409.65 410.50 411.03 410.61 411.20 411.33 411.34 412.35 414.76 416.63 416.93 415.46 414.34 413.25 412.36 411.73 411.39
 410.61 410.59 410.37 410.20 408.87 407.02 405.79 406.75 408.14 409.03 409.34 409.73 410.14 410.57 411.99 414.11 415.05 414.11 413.14 412.42 411.86 411.59 411.19 410.83
 410.36 410.21 410.05 409.82 409.01 408.21 407.50 408.09 408.70 409.28 409.29 409.34 409.57 409.95 411.22 412.22 411.92 411.03 410.51 410.63 410.66 410.79 410.76 410.49
 409.98 409.88 409.68 409.52 409.22 409.09 409.12 409.25 409.42 409.50 409.45 409.32 409.32 409.53 410.26 410.71 410.56 410.06 409.88 409.93 409.95 410.05 410.07 410.08
 409.71 409.67 409.56 409.41 409.23 409.31 409.49 409.64 409.61 409.61 409.54 409.46 409.37 409.32 409.59 409.83 409.96 409.78 409.78 409.73 409.73 409.65 409.65 409.68
 409.54 409.54 409.54 409.54 409.54 409.54 409.54 409.54 409.54 409.54 409.54 409.54 409.54 409.54 409.54 409.54 409.54 409.54 409.54 409.54 409.54 409.54 409.54 409.54
 408.53 408.53 408.53 408.53 408.53 408.53 408.53 408.53 408.53 408.53 408.53 408.53 408.53 408.53 408.53 408.53 408.53 408.53 408.53 408.53 408.53 408.53 408.53 408.53
 408.48 408.05 408.63 409.35 409.42 408.76 407.78 407.12 407.15 408.53 410.89 412.21 412.23 411.40 409.40 405.13 402.67 402.22 404.13 406.75 409.36 410.70 410.26 409.55
 408.61 418.02 408.71 409.59 410.20 409.68 408.76 408.81 409.18 410.79 411.82 412.85 412.80 412.41 409.31 405.90 402.08 401.17 401.44 404.63 409.13 410.56 410.01 409.34
 409.71 409.83 409.71 410.48 410.94 411.20 410.77 411.13 412.09 412.49 412.56 412.77 413.02 412.64 410.63 407.23 406.31 404.49 404.20 407.29 409.61 410.58 410.11 410.00
 411.44 411.63 412.00 411.49 411.39 411.45 411.85 407.63 412.96 413.25 412.70 412.63 412.52 412.48 411.12 410.31 409.65 410.23 410.67 410.23 411.11 410.88 410.68 410.77
 411.78 412.57 412.32 411.91 410.39 409.81 409.86 411.53 412.44 412.75 412.27 412.06 412.02 412.12 411.58 410.98 411.22 412.69 412.92 412.59 411.32 411.17 411.02 411.35
 411.61 411.67 411.76 411.24 409.53 407.41 406.25 408.21 410.38 411.55 411.18 411.20 411.28 411.39 411.05 410.42 410.59 411.48 412.18 411.98 411.48 411.12 411.16 411.25
 411.00 410.83 410.66 410.52 409.00 406.87 405.46 407.03 409.13 410.46 410.26 410.26 410.45 410.80 410.47 410.05 409.89 410.52 410.77 410.80 410.79 410.87 411.03 411.09
 410.78 410.64 410.41 410.16 409.27 408.31 407.48 408.36 409.32 410.04 409.89 409.72 409.90 410.26 410.47 410.34 410.39 410.43 410.33 410.15 410.25 410.50 410.73 410.83
 410.47 410.35 410.10 409.89 409.62 409.45 409.41 409.65 409.93 410.09 409.96 409.76 409.67 410.02 410.50 410.71 410.63 410.35 410.12 409.95 410.02 410.14 410.30 410.45
 410.14 410.11 409.97 409.85 409.74 409.81 409.91 410.03 410.03 410.09 410.07 409.98 409.81 409.90 410.32 410.63 410.50 410.18 410.07 410.03 410.01 409.98 410.04 410.13
 410.01 410.01 410.01 410.01 410.01 410.01 410.01 410.01 410.01 410.01 410.01 410.01 410.01 410.01 410.01 410.01 410.01 410.01 410.01 410.01 410.01 410.01 410.01 410.01
 404.71 404.71 404.71 404.71 404.71 404.71 404.71 404.71 404.71 404.71 404.71 404.71 404.71 404.71 404.71 404.71 404.71 404.71 404.71 404.71 404.71 404.71 404.71 404.71
 406.32 405.49 403.41 402.69 404.64 406.41 406.32 404.71 404.19 404.54 405.67 406.23 406.29 406.08 407.10 407.50 406.41 405.22 404.07 404.83 405.34 405.50 404.76 405.59
 407.99 407.62 406.05 405.27 406.85 408.27 407.49 406.71 405.32 405.76 406.07 407.19 407.60 408.16 408.08 407.76 406.73 404.21 404.35 404.94 406.90 406.33 405.71 406.24
 408.42 409.40 408.86 408.68 408.27 407.55 408.95 408.76 409.25 407.36 407.55 408.34 409.16 409.74 409.51 408.46 407.66 406.96 405.03 407.09 407.97 407.65 406.65 407.43
 409.12 410.18 411.57 411.16 409.33 407.77 408.18 411.70 411.37 410.18 409.43 409.83 410.32 411.16 410.93 409.84 409.71 409.06 409.25 408.35 409.13 408.74 408.36 408.28
 409.99 411.39 412.38 412.45 410.16 407.98 409.62 411.68 413.36 411.93 411.03 410.87 411.24 411.96 411.80 411.23 410.57 411.08 410.60 410.19 409.37 409.76 409.67 409.72
 410.74 411.39 412.09 412.21 410.76 409.54 408.95 410.68 411.70 411.92 411.06 410.85 411.23 411.72 411.92 411.42 411.21 411.10 410.79 410.20 410.21 410.47 410.52 410.50
 410.78 410.88 411.00 411.18 410.69 409.95 409.40 410.08 410.73 411.04 410.24 409.71 409.87 410.82 411.32 411.43 411.31 411.09 410.51 410.17 410.38 410.68 410.77 410.75
 410.73 410.74 410.73 410.68 410.42 410.33 410.17 410.35 410.49 410.47 409.70 408.59 408.43 409.50 410.72 411.31 411.26 410.98 410.48 410.27 410.36 410.56 410.63 410.68
 410.62 410.61 410.47 410.35 410.31 410.47 410.62 410.64 410.50 410.42 409.85 408.89 408.01 408.63 410.12 411.11 411.15 410.75 410.46 410.29 410.34 410.41 410.50 410.59
 410.50 410.50 410.46 410.38 410.32 410.40 410.46 410.52 410.44 410.40 410.24 409.78 408.83 408.54 409.38 410.52 410.78 410.58 410.45 410.41 410.40 410.40 410.40 410.45
 410.22 410.22 410.22 410.22 410.22 410.22 410.22 410.22 410.22 410.22 410.22 410.22 410.22 410.22 410.22 410.22 410.22 410.22 410.22 410.22 410.22 410.22 410.22 410.22
 406.18 406.18 406.18 406.18 406.18 406.18 406.18 406.18 406.18 406.18 406.18 406.18 406.18 406.18 406.18 406.18 406.18 406.18 406.18 406.18 406.18 406.18 406.18 406.18
 406.90 407.50 408.23 408.92 409.50 409.08 408.18 407.09 406.91 406.97 407.27 407.10 406.78 406.42 406.86 406.64 405.81 405.34 405.60 406.04 405.85 405.18 404.84 405.90
 408.52 409.49 410.13 410.83 410.41 409.87 408.84 409.18 408.66 408.77 407.93 407.81 407.68 407.86 407.46 406.98 406.74 407.03 408.10 408.14 407.26 406.46 406.47 407.19
 409.04 410.86 412.53 412.77 410.95 409.20 411.07 411.89 412.81 410.08 408.98 408.42 408.57 408.83 408.50 407.71 407.86 409.65 410.04 409.23 408.53 408.00 407.86 408.24
 409.00 410.94 413.22 413.34 410.33 409.17 411.07 416.05 413.98 411.72 409.88 409.31 409.28 409.86 409.64 408.93 409.55 410.34 410.49 409.76 409.05 409.09 409.11 408.90
 409.86 410.95 412.36 412.55 410.29 408.83 412.14 414.32 414.79 412.15 410.86 410.19 410.21 410.72 410.52 410.18 409.55 409.72 409.54 409.45 409.63 410.10 410.28 409.88
 410.81 411.10 411.43 411.61 410.26 409.95 409.88 411.88 412.24 412.11 411.03 410.64 410.70 410.89 410.79 410.17 409.84 409.77 409.66 409.82 410.56 411.30 411.27 411.02
 411.28 411.24 411.15 411.13 410.73 410.28 409.93 410.49 410.98 411.31 410.69 410.25 410.20 410.53 410.36 410.03 409.84 409.96 410.01 410.45 411.19 411.67 411.65 411.42
 411.05 410.95 410.91 410.83 410.61 410.71 410.72 410.88 410.88 410.90 410.45 409.73 409.53 409.80 409.94 409.84 409.77 410.05 410.42 410.80 411.07 411.34 411.34 411.15
 410.82 410.80 410.72 410.67 410.58 410.89 411.15 411.21 410.95 410.92 410.65 410.08 409.42 409.45 409.71 409.89 409.97 410.32 410.61 410.74 410.81 410.90 410.97 410.92
 410.80 410.80 410.77 410.65 410.55 410.74 410.93 411.08 411.00 411.00 410.95 410.71 410.06 409.59 409.62 409.93 410.27 410.57 410.73 410.77 410.77 410.76 410.78 410.78
 410.67 410.67 410.67 410.67 410.67 410.67 410.67 410.67 410.67 410.67 410.67 410.67 410.67 410.67 410.67 410.67 410.67 410.67 410.67 410.67 410.67 410.67 410.67 410.67
 411.72 411.72 411.72 411.72 411.72 411.72 411.72 411.72 411.72 411.72 411.72 411.72 411.72 411.72 411.72 411.72 411.72 411.72 411.72 411.72 411.72 411.72 411.72 411.72
 411.15 411.38 410.70 410.17 411.21 412.85 414.35 415.12 415.61 415.42 414.90 413.81 412.78 412.28 414.61 416.27 415.40 412.33 410.36 409.66 409.76 409.32 409.14 409.85
 412.38 413.51 413.33 412.89 413.00 413.35 413.90 415.60 416.41 416.47 414.95 413.91 413.18 413.85 415.44 416.60 415.41 412.90 411.36 411.00 410.16 410.10 410.40 410.95
 412.10 413.91 415.75 415.47 414.18 413.85 416.45 418.07 419.17 416.11 414.11 412.70 412.56 412.86 414.21 414.50 413.27 412.74 412.77 411.35 410.81 410.94 411.33 411.19
 410.78 412.35 414.41 414.47 412.49 413.46 417.37 421.83 418.64 415.26 412.32 411.55 411.35 411.68 412.00 411.75 411.62 411.88 412.17 411.82 410.96 411.41 411.78 411.21
 411.10 411.33 411.96 411.74 410.49 411.36 416.24 418.34 417.16 413.07 411.48 411.04 411.01 411.12 410.82 410.49 410.16 410.52 410.86 411.03 411.39 411.87 412.20 411.52
 411.76 411.21 410.45 409.85 409.01 409.96 410.84 413.00 412.86 412.37 411.17 410.95 411.00 411.04 410.70 409.92 409.69 409.93 410.39 410.98 411.90 412.67 412.71 412.35
 412.13 411.64 410.89 410.19 409.73 409.64 409.57 410.28 411.07 411.58 411.03 410.63 410.56 410.67 410.13 409.57 409.30 409.69 410.17 411.10 412.12 412.75 412.89 412.58
 411.65 411.29 410.97 410.59 410.30 410.44 410.58 410.94 411.18 411.30 410.90 410.30 410.13 410.06 409.70 409.32 409.32 409.80 410.44 411.05 411.54 412.09 412.26 411.98
 411.21 411.10 410.98 410.89 410.79 411.05 411.32 411.44 411.25 411.19 410.90 410.51 410.08 409.85 409.55 409.40 409.60 410.21 410.67 410.88 411.03 411.27 411.45 411.40
 411.05 411.05 410.99 410.90 410.85 411.06 411.30 411.44 411.30 411.23 411.11 410.92 410.50 410.01 409.70 409.72 410.12 410.65 410.89 410.97 410.97 410.98 411.01 411.02
 410.90 410.90 410.90 410.90 410.90 410.90 410.90 410.90 410.90 410.90 410.90 410.90 410.90 410.90 410.90 410.90 410.90 410.90 410.90 410.90 410.90 410.90 410.90 410.90
 418.58 418.58 418.58 418.58 418.58 418.58 418.58 418.58 418.58 418.58 418.58 418.58 418.58 418.58 418.58 418.58 418.58 418.58 418.58 418.58 418.58 418.58 418.58 418.58
 419.34 421.81 422.71 421.01 418.91 417.57 418.15 419.76 420.49 420.25 419.61 418.69 417.95 417.38 418.73 421.52 421.59 420.32 417.95 416.70 415.62 414.50 414.40 415.59
 418.69 421.99 421.22 418.96 416.50 415.34 416.06 418.19 419.43 419.39 418.78 418.18 417.62 417.55 419.02 420.78 422.13 421.06 420.18 418.93 415.41 414.32 414.44 415.49
 416.14 417.10 418.03 416.13 414.65 413.21 415.72 417.61 419.33 417.67 417.10 416.60 416.32 415.92 417.05 419.17 418.56 419.84 420.59 417.95 415.22 413.90 414.07 414.41
 412.67 412.45 412.64 413.18 412.27 412.19 414.53 418.78 417.91 416.00 414.84 414.80 414.50 413.90 414.54 415.38 415.94 416.63 417.17 416.82 414.00 413.41 413.52 413.34
 412.21 411.35 411.22 411.17 410.99 410.48 413.19 415.04 415.95 413.75 413.19 413.36 413.05 412.58 412.43 412.65 412.74 413.27 413.93 414.01 413.60 412.97 413.01 412.71
 412.23 411.63 411.02 410.81 410.00 409.68 409.48 411.37 412.37 412.84 412.24 412.20 412.16 412.05 411.78 411.33 411.43 411.88 412.51 412.70 412.77 412.79 412.77 412.62
 412.17 411.90 411.48 411.18 410.29 409.23 408.55 409.58 410.96 411.93 411.57 411.39 411.42 411.57 411.27 411.00 410.94 411.27 411.41 411.71 412.14 412.47 412.61 412.48
 411.70 411.41 411.27 411.08 410.60 410.24 409.93 410.49 411.05 411.36 411.21 410.94 410.98 411.10 411.05 410.96 411.05 411.12 410.98 411.01 411.34 411.84 412.08 411.94
 411.23 411.13 411.03 411.05 411.00 411.07 411.14 411.24 411.11 411.11 410.94 410.87 410.77 410.87 410.97 411.03 411.08 410.99 410.85 410.72 410.91 411.21 411.44 411.44
 411.06 411.02 411.02 411.05 411.14 411.28 411.36 411.36 411.21 411.10 411.01 410.98 410.88 410.84 410.93 411.07 411.05 410.97 410.92 410.91 410.93 411.04 411.11 411.11
 411.08 411.08 411.08 411.08 411.08 411.08 411.08 411.08 411.08 411.08 411.08 411.08 411.08 411.08 411.08 411.08 411.08 411.08 411.08 411.08 411.08 411.08 411.08 411.08
 421.26 421.26 421.26 421.26 421.26 421.26 421.26 421.26 421.26 421.26 421.26 421.26 421.26 421.26 421.26 421.26 421.26 421.26 421.26 421.26 421.26 421.26 421.26 421.26
 421.81 424.19 425.49 424.23 421.46 419.53 420.04 422.22 423.17 422.42 421.12 420.08 419.83 419.52 419.79 422.62 423.56 423.38 420.75 419.40 418.36 417.45 417.40 418.40
 420.33 423.13 422.85 421.55 419.54 417.65 418.25 420.44 421.98 421.46 420.09 419.41 419.09 418.51 419.55 421.35 424.40 423.15 421.71 421.00 419.55 418.63 417.57 418.27
 418.15 418.06 418.90 418.16 418.54 419.17 420.61 421.76 422.30 419.62 418.81 418.22 417.65 416.76 417.48 420.41 420.73 421.69 420.80 420.77 420.40 418.56 417.08 416.79
 414.80 414.42 414.01 415.40 417.15 419.64 423.11 424.40 421.20 418.53 416.93 416.61 415.87 414.74 415.38 416.74 417.96 417.94 418.93 419.54 418.32 416.99 415.25 415.19
 413.37 412.80 413.08 413.79 414.85 416.55 419.05 419.79 418.67 416.04 415.25 414.94 414.16 413.27 413.10 413.46 413.91 415.17 416.08 416.68 415.75 414.33 413.66 413.34
 412.28 412.28 412.80 413.67 412.85 411.48 410.58 412.33 413.51 414.11 413.40 413.11 412.85 412.60 412.14 411.58 411.90 412.78 413.99 414.17 413.70 413.04 412.68 412.47
 411.73 411.89 412.65 413.49 412.00 409.07 407.17 408.54 410.54 412.01 411.70 411.55 411.67 411.96 411.58 411.16 411.07 411.59 411.89 412.17 412.34 412.42 412.32 412.06
 411.38 411.34 411.92 412.51 411.65 410.17 408.99 409.69 410.53 410.99 410.89 410.65 410.78 411.19 411.34 411.29 411.38 411.39 411.01 410.88 411.18 411.67 411.89 411.66
 411.05 410.96 411.22 411.47 411.40 411.01 410.75 410.80 410.78 410.80 410.64 410.50 410.37 410.66 411.12 411.38 411.35 411.02 410.60 410.40 410.65 411.04 411.37 411.31
 410.93 410.83 410.87 411.03 411.18 411.25 411.21 411.13 410.96 410.82 410.75 410.68 410.46 410.50 410.84 411.20 411.02 410.71 410.50 410.45 410.62 410.89 411.10 411.08
 410.86 410.86 410.86 410.86 410.86 410.86 410.86 410.86 410.86 410.86 410.86 410.86 410.86 410.86 410.86 410.86 410.86 410.86 410.86 410.86 410.86 410.86 410.86 410.86
