2018 MONTHLY CO2 (PPMV)   24  12  LON/LAT (N-S/0-360E) IN 15 DEGREE RESOLUTION,  GLB ANNUAL MEAN = 408.80,  GROWTH RATE = 2.78,  MISS DATA = -99.99
 414.45 414.45 414.45 414.45 414.45 414.45 414.45 414.45 414.45 414.45 414.45 414.45 414.45 414.45 414.45 414.45 414.45 414.45 414.45 414.45 414.45 414.45 414.45 414.45
 415.02 417.36 419.37 418.55 415.66 413.44 412.88 414.01 414.60 414.67 414.64 414.50 414.39 413.74 413.34 414.51 415.58 416.52 415.28 413.74 412.21 411.30 411.48 412.16
 416.25 419.95 421.24 416.69 413.79 411.47 411.57 413.73 415.23 415.31 414.57 414.06 413.72 413.17 411.99 412.69 415.20 416.52 415.88 413.32 410.60 410.01 410.81 411.32
 415.09 422.03 421.17 416.52 412.45 410.07 411.80 414.46 417.02 414.91 413.54 412.41 412.15 411.51 410.55 411.27 412.46 414.75 414.09 411.45 408.89 408.64 409.77 409.73
 413.03 416.50 418.96 413.35 410.48 409.33 411.71 417.01 417.28 415.01 411.75 410.36 409.91 409.67 409.66 410.34 410.74 411.45 411.48 410.22 408.20 407.83 408.37 408.46
 409.23 411.83 412.10 410.74 408.54 408.30 411.38 412.90 414.29 410.19 408.19 407.31 407.54 408.13 409.04 409.64 409.27 409.21 409.41 409.27 408.22 407.31 407.28 407.61
 407.40 407.53 407.85 407.43 407.64 408.09 408.92 409.36 407.49 405.82 404.69 405.03 405.56 406.49 407.72 408.27 407.93 407.91 408.55 408.42 407.64 406.76 406.70 406.75
 405.97 406.12 406.14 406.29 406.59 406.85 407.14 405.68 403.69 402.20 402.88 403.63 404.33 405.17 406.25 406.83 406.81 406.77 407.03 407.13 406.53 406.41 406.29 406.21
 405.06 404.66 404.62 404.44 404.84 405.53 405.88 404.92 403.99 403.43 403.65 403.94 404.24 404.61 405.45 406.26 406.43 406.02 405.53 405.07 405.31 405.48 405.61 405.35
 404.03 403.69 403.28 403.24 403.51 403.95 404.06 403.75 403.67 403.70 403.91 404.06 404.23 404.53 405.13 405.81 405.82 404.91 403.95 403.71 403.90 404.36 404.60 404.53
 403.58 403.22 403.10 403.24 403.54 403.57 403.46 403.33 403.48 403.75 403.94 404.05 404.22 404.41 404.81 405.09 404.78 403.93 403.45 403.27 403.45 403.71 403.96 403.89
 403.71 403.71 403.71 403.71 403.71 403.71 403.71 403.71 403.71 403.71 403.71 403.71 403.71 403.71 403.71 403.71 403.71 403.71 403.71 403.71 403.71 403.71 403.71 403.71
 414.32 414.32 414.32 414.32 414.32 414.32 414.32 414.32 414.32 414.32 414.32 414.32 414.32 414.32 414.32 414.32 414.32 414.32 414.32 414.32 414.32 414.32 414.32 414.32
 415.53 417.79 419.63 419.41 416.54 413.48 412.03 412.68 413.31 413.67 413.79 413.68 413.60 413.21 413.29 413.98 414.77 415.27 414.63 413.80 413.00 412.48 412.54 413.23
 415.30 418.44 421.32 419.08 416.34 412.62 411.43 413.37 414.96 415.48 414.39 413.71 413.64 413.70 412.78 413.09 414.36 415.24 414.84 413.44 411.82 411.03 411.30 411.49
 413.99 421.06 423.18 421.39 416.61 412.96 412.86 414.79 417.25 415.65 413.94 412.82 413.03 412.77 411.81 411.88 412.48 413.72 413.46 412.28 410.46 409.96 410.28 410.20
 413.57 418.65 423.96 419.37 414.99 412.37 413.72 417.07 416.89 415.28 412.26 411.30 411.39 411.21 410.96 411.20 411.09 411.40 411.74 411.30 409.96 409.38 409.55 409.25
 410.52 414.76 416.51 415.17 411.23 410.14 412.04 412.90 413.24 409.98 408.57 408.18 408.86 409.63 410.17 410.16 409.13 409.12 409.84 410.44 409.63 408.81 408.56 408.81
 408.25 408.51 409.81 409.57 408.70 407.65 407.72 408.21 406.84 405.67 404.97 405.51 406.40 407.67 408.58 408.28 406.92 406.98 408.62 409.35 408.81 407.77 407.84 407.76
 406.02 405.69 406.15 406.99 406.69 405.66 405.06 404.28 403.32 402.51 403.04 403.86 404.83 405.95 406.55 405.92 405.05 405.17 406.38 407.43 407.15 407.09 407.19 406.92
 405.18 404.73 404.79 404.84 404.73 404.63 404.30 404.02 403.79 403.69 403.81 404.04 404.56 405.06 405.13 404.99 404.53 404.42 404.58 404.75 405.36 405.75 406.17 405.82
 404.23 403.86 403.47 403.27 403.27 403.41 403.53 403.50 403.70 403.93 404.10 404.24 404.44 404.79 404.74 404.60 404.26 403.69 403.20 403.18 403.59 404.28 404.69 404.67
 403.67 403.38 403.17 403.13 403.14 403.21 403.27 403.35 403.56 403.99 404.28 404.37 404.53 404.65 404.77 404.43 403.87 403.20 402.98 402.89 403.11 403.47 403.82 403.85
 403.64 403.64 403.64 403.64 403.64 403.64 403.64 403.64 403.64 403.64 403.64 403.64 403.64 403.64 403.64 403.64 403.64 403.64 403.64 403.64 403.64 403.64 403.64 403.64
 415.54 415.54 415.54 415.54 415.54 415.54 415.54 415.54 415.54 415.54 415.54 415.54 415.54 415.54 415.54 415.54 415.54 415.54 415.54 415.54 415.54 415.54 415.54 415.54
 416.77 419.32 421.21 421.12 418.20 415.53 414.62 415.64 416.44 416.06 415.01 413.99 413.75 413.53 413.80 414.91 415.94 416.48 415.72 414.54 413.36 412.53 412.91 414.14
 418.52 421.81 424.42 420.58 418.10 414.67 413.47 415.91 417.62 417.76 415.59 414.12 413.92 413.91 413.36 413.83 414.92 416.15 415.90 414.86 412.48 411.58 412.17 412.94
 417.96 427.07 427.20 423.81 418.50 415.15 415.01 416.83 419.77 417.84 415.76 414.16 413.83 413.50 412.60 412.66 412.58 413.88 414.86 413.65 411.50 410.92 411.50 411.93
 417.33 423.58 429.26 421.87 416.73 414.16 415.27 418.96 418.80 417.76 414.67 413.29 412.79 412.31 412.19 412.05 411.21 411.89 412.55 412.66 410.93 410.41 410.86 410.86
 412.05 417.63 419.57 417.81 412.20 410.15 411.47 413.11 414.44 412.17 410.95 410.24 410.32 410.90 411.37 411.07 409.64 409.53 410.60 411.27 410.51 409.58 409.43 409.69
 408.76 409.21 411.12 411.07 408.90 405.79 404.62 406.52 407.24 407.48 406.74 407.09 407.70 408.86 409.57 408.85 406.97 406.91 408.87 409.84 409.39 408.25 408.30 408.11
 405.98 405.68 406.63 408.01 406.66 403.60 401.73 402.30 403.26 403.83 404.35 405.08 405.91 406.88 407.20 405.93 404.61 404.67 406.22 407.67 407.58 407.46 407.48 407.07
 405.29 404.97 405.35 405.71 404.96 403.83 402.75 403.33 404.04 404.52 404.83 405.12 405.38 405.69 405.37 404.77 404.02 404.03 404.49 404.97 405.76 406.12 406.48 406.02
 404.60 404.38 404.21 403.99 403.62 403.45 403.65 403.94 404.20 404.50 404.77 405.05 405.22 405.25 404.85 404.38 403.93 403.60 403.39 403.51 404.01 404.68 405.02 404.95
 404.22 404.14 403.99 403.69 403.31 403.39 403.80 404.13 404.26 404.53 404.76 404.92 405.11 405.17 404.99 404.43 403.88 403.47 403.38 403.37 403.55 403.84 404.14 404.24
 404.10 404.10 404.10 404.10 404.10 404.10 404.10 404.10 404.10 404.10 404.10 404.10 404.10 404.10 404.10 404.10 404.10 404.10 404.10 404.10 404.10 404.10 404.10 404.10
 414.60 414.60 414.60 414.60 414.60 414.60 414.60 414.60 414.60 414.60 414.60 414.60 414.60 414.60 414.60 414.60 414.60 414.60 414.60 414.60 414.60 414.60 414.60 414.60
 415.18 416.86 416.92 416.43 415.08 415.55 415.96 416.60 417.05 416.83 416.22 415.39 414.87 414.28 413.71 413.41 413.56 414.33 414.33 414.00 413.11 412.67 412.87 413.47
 420.76 423.64 426.28 418.01 417.46 416.30 416.02 417.42 418.36 418.23 416.46 415.36 414.91 414.49 413.55 412.92 412.79 412.84 412.90 412.32 412.29 412.36 412.76 412.54
 421.67 436.89 433.13 426.01 419.71 418.29 417.44 418.32 419.72 418.11 416.14 414.70 414.56 414.28 413.48 412.82 412.01 411.72 411.22 411.56 411.42 412.09 412.52 411.93
 421.91 430.86 438.24 424.62 419.19 417.61 418.29 418.89 418.49 417.64 414.79 413.45 413.12 413.23 413.33 413.00 411.97 411.35 411.59 411.39 411.42 411.40 411.51 410.95
 413.31 421.31 423.39 420.82 414.27 414.00 414.69 415.33 415.80 414.57 412.62 410.91 410.67 411.45 412.45 412.19 410.95 410.82 411.50 411.81 410.62 409.53 409.24 409.84
 409.04 409.86 411.77 411.36 410.66 409.30 409.38 410.16 410.91 410.72 409.28 408.20 408.07 409.47 410.41 410.03 408.29 408.20 409.98 410.34 408.92 407.16 407.42 407.79
 406.15 406.10 406.93 408.06 407.94 406.89 406.26 406.46 406.47 406.64 406.83 406.61 406.70 407.49 408.16 407.09 405.91 405.89 407.07 407.69 406.57 406.03 406.38 406.67
 405.58 405.38 405.78 406.14 406.12 405.89 405.62 405.37 405.07 405.12 405.81 406.40 406.20 406.37 406.23 405.93 405.26 405.10 405.16 404.99 405.25 405.36 405.90 405.91
 405.03 404.94 404.85 404.75 404.61 404.66 404.92 404.96 404.96 404.99 405.43 405.85 406.08 405.76 405.58 405.40 405.07 404.54 404.11 404.01 404.30 404.81 405.16 405.21
 404.81 404.82 404.76 404.56 404.29 404.33 404.61 404.85 404.86 404.87 404.97 405.24 405.58 405.69 405.48 405.21 404.79 404.35 404.21 404.19 404.27 404.49 404.70 404.79
 404.76 404.76 404.76 404.76 404.76 404.76 404.76 404.76 404.76 404.76 404.76 404.76 404.76 404.76 404.76 404.76 404.76 404.76 404.76 404.76 404.76 404.76 404.76 404.76
 412.60 412.60 412.60 412.60 412.60 412.60 412.60 412.60 412.60 412.60 412.60 412.60 412.60 412.60 412.60 412.60 412.60 412.60 412.60 412.60 412.60 412.60 412.60 412.60
 412.32 412.31 412.21 411.91 412.73 414.26 414.74 415.04 415.00 415.20 415.34 415.26 415.02 414.68 413.47 410.54 408.72 409.22 410.67 412.05 412.34 412.06 411.38 411.18
 412.03 413.70 414.86 415.09 416.76 415.94 415.77 415.36 415.64 415.49 415.40 415.27 415.12 415.31 413.59 411.42 408.96 408.81 409.83 411.40 412.31 411.94 411.33 410.90
 413.01 416.77 419.95 421.82 420.37 419.52 418.00 417.43 416.19 415.50 414.94 414.39 414.57 414.52 413.82 412.30 410.81 410.03 410.59 412.12 412.32 412.13 411.65 411.25
 414.06 418.27 424.12 421.89 420.30 419.24 420.44 418.20 416.44 415.29 414.08 413.13 412.68 413.12 413.30 413.18 412.30 412.11 412.50 412.66 412.38 411.64 411.28 411.21
 412.36 417.27 418.73 417.01 414.20 415.73 416.76 416.03 414.55 413.41 412.13 410.81 410.58 411.33 412.52 412.24 411.42 411.59 412.39 412.50 410.98 409.65 409.27 410.10
 409.99 410.57 411.41 409.50 409.72 410.05 411.39 411.08 410.82 410.29 409.39 408.64 408.46 409.85 410.61 410.18 408.51 408.68 410.54 410.75 408.96 407.03 407.45 408.21
 407.19 406.96 406.84 406.83 407.11 407.51 407.84 407.64 407.11 407.05 407.43 407.31 407.45 408.06 408.57 407.28 406.00 406.13 407.51 408.11 406.70 405.92 406.52 407.24
 406.69 406.45 406.28 406.11 406.23 406.52 406.71 406.26 405.87 405.89 406.67 407.22 406.84 406.91 406.57 406.13 405.42 405.49 405.80 405.77 405.79 405.68 406.32 406.72
 406.08 405.94 405.69 405.53 405.47 405.51 405.51 405.41 405.49 405.75 406.31 406.66 406.71 406.17 405.85 405.59 405.41 405.19 405.07 405.05 405.26 405.56 405.88 406.11
 405.71 405.61 405.51 405.41 405.31 405.19 405.09 405.03 405.23 405.57 405.86 406.11 406.28 406.16 405.75 405.53 405.39 405.33 405.33 405.38 405.38 405.45 405.57 405.68
 405.51 405.51 405.51 405.51 405.51 405.51 405.51 405.51 405.51 405.51 405.51 405.51 405.51 405.51 405.51 405.51 405.51 405.51 405.51 405.51 405.51 405.51 405.51 405.51
 409.57 409.57 409.57 409.57 409.57 409.57 409.57 409.57 409.57 409.57 409.57 409.57 409.57 409.57 409.57 409.57 409.57 409.57 409.57 409.57 409.57 409.57 409.57 409.57
 408.85 409.79 411.14 411.38 410.87 410.30 410.40 411.26 411.80 411.73 411.54 411.45 411.75 411.51 409.93 406.59 404.34 404.13 405.63 407.70 408.72 408.86 407.91 407.75
 408.69 410.59 412.58 412.78 411.66 409.46 408.85 410.72 411.57 411.95 411.39 411.56 411.95 411.99 410.42 407.87 405.50 404.10 405.33 407.37 409.96 409.56 408.32 407.64
 410.14 413.67 416.59 417.33 412.48 407.43 406.65 409.08 411.70 412.14 411.73 411.64 412.00 411.86 411.25 409.68 408.74 407.40 406.94 409.59 410.94 410.63 409.37 408.84
 412.29 415.96 421.08 417.89 411.36 405.29 403.79 407.49 410.77 412.32 411.92 411.53 411.17 411.42 411.48 411.37 411.50 410.79 411.02 410.76 411.63 410.86 410.05 409.84
 411.87 416.18 417.05 414.54 408.12 403.39 402.69 405.06 408.41 410.69 410.93 410.19 410.08 410.54 411.31 410.95 410.67 411.09 411.47 411.51 410.48 409.88 409.43 409.92
 410.59 410.99 411.09 408.58 405.80 403.11 402.25 403.79 406.07 408.23 408.80 408.65 408.66 409.85 410.15 409.61 408.20 408.45 409.78 410.24 409.38 408.55 408.71 409.03
 408.25 407.99 407.21 406.55 405.25 403.71 402.75 403.56 405.22 406.57 407.31 407.48 407.85 408.41 408.67 407.33 406.15 406.37 407.35 408.12 407.90 407.86 408.18 408.45
 407.47 407.09 406.84 406.46 405.68 404.73 403.95 404.57 405.52 406.46 407.00 407.38 407.15 407.34 406.92 406.40 405.76 405.99 406.41 406.68 406.92 407.31 407.68 407.68
 406.61 406.45 406.32 406.32 406.01 405.55 405.18 405.26 405.87 406.52 407.09 407.12 406.99 406.52 406.21 405.95 405.88 406.11 406.30 406.38 406.49 406.68 406.84 406.88
 406.23 406.14 406.11 406.11 406.05 405.81 405.54 405.43 405.83 406.48 406.97 407.09 406.90 406.57 406.10 405.96 406.12 406.36 406.49 406.53 406.47 406.33 406.30 406.28
 406.26 406.26 406.26 406.26 406.26 406.26 406.26 406.26 406.26 406.26 406.26 406.26 406.26 406.26 406.26 406.26 406.26 406.26 406.26 406.26 406.26 406.26 406.26 406.26
 401.97 401.97 401.97 401.97 401.97 401.97 401.97 401.97 401.97 401.97 401.97 401.97 401.97 401.97 401.97 401.97 401.97 401.97 401.97 401.97 401.97 401.97 401.97 401.97
 403.61 401.71 399.48 398.19 399.95 402.18 403.71 404.04 404.76 405.33 406.42 406.06 405.05 403.71 403.15 401.31 400.36 400.34 401.52 402.78 403.47 403.82 403.35 403.35
 404.90 405.21 403.79 402.51 403.48 403.86 403.40 406.01 406.83 408.40 407.16 407.22 406.55 405.90 404.49 403.15 402.23 401.66 402.61 403.39 405.91 406.34 405.43 404.54
 406.87 408.39 409.04 408.45 406.14 403.75 403.27 405.74 410.12 409.95 408.78 408.04 407.82 407.23 406.61 405.15 405.89 405.53 404.19 405.92 408.01 408.66 407.78 406.41
 408.69 410.18 412.82 411.15 406.97 403.02 401.39 405.83 408.51 410.93 409.63 409.00 408.40 408.48 408.04 407.82 408.63 408.07 407.85 407.30 409.16 409.62 408.89 408.13
 409.73 411.74 412.15 410.93 405.90 401.45 400.36 402.97 406.41 408.93 409.58 408.92 408.79 409.01 409.17 408.49 408.10 408.23 408.22 408.48 408.70 409.11 409.05 409.04
 409.88 409.96 410.00 408.64 405.05 401.06 398.89 401.20 404.34 407.28 408.07 408.31 408.54 409.30 409.05 408.22 406.97 406.95 407.69 408.44 408.84 409.15 409.33 409.34
 408.66 408.27 407.69 407.27 405.01 401.79 399.73 401.32 404.42 406.50 407.16 407.44 407.89 408.35 408.31 407.05 406.01 406.05 406.65 407.55 408.36 408.94 409.26 409.16
 407.82 407.39 407.26 407.04 405.72 403.91 402.45 403.81 405.55 406.80 406.99 407.10 407.04 407.36 406.98 406.42 405.77 405.94 406.33 406.79 407.35 408.08 408.49 408.24
 407.02 406.90 406.84 406.85 406.43 405.74 405.38 405.68 406.39 406.83 406.99 406.88 406.75 406.54 406.33 406.06 405.92 406.19 406.38 406.50 406.73 407.11 407.39 407.37
 406.79 406.75 406.77 406.69 406.60 406.46 406.42 406.42 406.61 406.82 406.96 406.94 406.74 406.53 406.22 406.12 406.22 406.43 406.61 406.64 406.67 406.73 406.83 406.81
 406.65 406.65 406.65 406.65 406.65 406.65 406.65 406.65 406.65 406.65 406.65 406.65 406.65 406.65 406.65 406.65 406.65 406.65 406.65 406.65 406.65 406.65 406.65 406.65
 399.26 399.26 399.26 399.26 399.26 399.26 399.26 399.26 399.26 399.26 399.26 399.26 399.26 399.26 399.26 399.26 399.26 399.26 399.26 399.26 399.26 399.26 399.26 399.26
 400.37 400.22 399.92 399.91 401.70 402.64 401.99 400.45 400.57 402.01 403.90 403.63 401.70 399.85 400.43 400.33 399.86 398.94 399.02 399.45 399.85 399.80 399.30 399.48
 402.13 403.31 403.51 403.67 404.56 404.60 402.97 404.41 405.15 407.34 406.61 405.44 403.61 402.91 402.04 402.06 401.77 401.42 401.57 402.20 403.12 402.94 401.87 401.20
 404.14 406.75 408.66 409.26 406.38 402.63 402.31 404.43 409.47 410.22 408.36 405.97 404.98 404.37 404.13 403.35 404.45 404.80 404.19 405.00 406.06 405.94 404.70 403.49
 406.45 409.29 413.38 412.18 406.50 400.88 398.30 403.89 407.52 409.86 408.22 406.57 405.91 406.13 405.69 405.58 406.18 406.42 406.49 406.28 407.00 407.38 406.63 405.79
 408.27 411.25 412.82 411.94 405.56 399.06 397.49 400.61 404.94 406.76 407.15 406.74 407.28 407.54 407.48 406.67 406.30 406.37 406.25 406.44 406.85 407.62 407.80 407.48
 409.24 409.85 410.32 409.23 404.81 399.82 396.88 399.78 402.97 405.43 406.01 407.19 408.07 408.60 408.27 407.48 406.79 406.52 406.34 406.54 407.62 408.65 408.83 408.64
 408.57 408.35 407.83 407.46 404.90 401.12 398.66 400.44 403.47 405.29 406.05 406.85 407.69 408.05 408.16 407.55 407.07 406.70 406.27 406.52 407.76 408.74 409.09 408.88
 407.82 407.43 407.36 407.15 405.70 403.75 402.11 403.46 405.10 406.41 406.53 406.76 406.88 407.29 407.36 407.31 406.94 406.66 406.26 406.34 406.94 407.89 408.31 408.13
 407.12 407.07 406.98 407.00 406.64 406.10 405.75 406.00 406.58 406.81 406.83 406.63 406.56 406.56 406.76 406.90 406.86 406.60 406.38 406.20 406.54 407.03 407.47 407.47
 407.03 407.04 407.07 407.04 407.00 406.99 407.05 407.06 407.05 406.98 406.90 406.78 406.59 406.48 406.47 406.65 406.70 406.67 406.61 406.66 406.72 406.91 407.07 407.07
 406.92 406.92 406.92 406.92 406.92 406.92 406.92 406.92 406.92 406.92 406.92 406.92 406.92 406.92 406.92 406.92 406.92 406.92 406.92 406.92 406.92 406.92 406.92 406.92
 403.20 403.20 403.20 403.20 403.20 403.20 403.20 403.20 403.20 403.20 403.20 403.20 403.20 403.20 403.20 403.20 403.20 403.20 403.20 403.20 403.20 403.20 403.20 403.20
 405.85 406.58 406.08 404.11 404.39 404.67 404.03 402.90 402.85 404.25 405.76 406.08 405.18 404.34 404.48 404.96 405.64 405.60 404.59 403.34 402.80 402.79 402.75 403.07
 407.30 409.99 408.73 405.83 404.41 404.63 404.58 406.38 407.46 408.94 408.56 407.10 405.87 405.89 405.62 405.68 406.63 406.53 405.83 404.48 404.11 403.57 403.51 404.37
 408.20 410.15 410.92 408.34 403.75 399.08 403.51 407.34 412.65 411.51 409.35 406.72 405.90 405.77 406.06 406.33 406.73 406.87 405.69 405.26 405.00 404.66 404.45 405.06
 407.27 409.21 411.07 409.33 402.36 396.80 397.61 409.24 412.09 410.82 407.98 406.18 405.93 406.10 406.38 406.52 406.78 406.09 406.19 405.51 405.52 405.60 405.84 406.22
 407.59 409.18 410.24 409.21 403.03 395.58 397.92 403.66 409.94 407.98 406.62 406.23 406.83 407.10 407.06 406.86 406.66 406.72 406.21 406.10 406.14 407.01 407.41 407.09
 408.26 408.75 408.90 408.29 403.43 398.95 396.19 401.25 404.79 407.09 406.22 406.86 407.61 408.00 408.01 407.80 407.78 407.44 406.69 406.41 407.56 408.66 408.45 407.99
 408.21 408.29 407.87 407.51 404.68 400.62 397.97 400.25 403.85 406.11 406.48 406.85 407.28 407.61 408.14 408.40 408.52 407.92 406.83 406.61 407.94 408.79 408.72 408.30
 407.76 407.53 407.48 407.27 405.68 403.66 401.91 403.42 405.23 406.67 406.66 406.65 406.61 407.04 407.72 408.37 408.45 407.80 406.73 406.54 407.06 407.95 408.09 407.88
 407.25 407.18 407.09 407.11 406.77 406.25 405.89 406.12 406.67 406.96 406.90 406.63 406.42 406.47 407.15 407.89 408.11 407.42 406.78 406.32 406.68 407.06 407.47 407.49
 407.13 407.07 407.07 407.12 407.17 407.17 407.15 407.12 407.11 407.08 407.00 406.87 406.56 406.38 406.60 407.22 407.47 407.30 407.04 407.09 407.00 407.12 407.18 407.17
 407.06 407.06 407.06 407.06 407.06 407.06 407.06 407.06 407.06 407.06 407.06 407.06 407.06 407.06 407.06 407.06 407.06 407.06 407.06 407.06 407.06 407.06 407.06 407.06
 410.20 410.20 410.20 410.20 410.20 410.20 410.20 410.20 410.20 410.20 410.20 410.20 410.20 410.20 410.20 410.20 410.20 410.20 410.20 410.20 410.20 410.20 410.20 410.20
 412.44 412.90 411.23 408.84 408.51 409.09 409.48 409.66 410.03 410.62 411.21 411.68 411.90 411.94 411.71 413.64 414.88 414.71 411.80 409.52 408.75 408.68 408.97 409.72
 412.52 414.11 412.56 409.72 409.29 409.38 409.70 411.44 412.77 413.48 412.31 411.26 410.83 410.64 410.52 411.53 414.53 414.48 412.81 410.52 408.90 408.15 408.68 409.90
 411.00 412.33 412.70 410.99 409.53 408.56 409.89 411.62 414.42 413.60 411.69 409.86 409.20 408.96 408.83 410.30 411.25 412.58 411.48 409.95 408.39 407.44 407.82 408.62
 408.50 409.66 410.87 410.17 408.11 407.05 407.73 410.97 411.59 411.32 409.43 408.27 407.95 407.86 408.25 408.90 409.59 409.68 409.78 408.82 407.58 407.04 407.30 407.77
 408.00 408.74 409.38 408.92 406.11 403.44 403.69 405.89 408.20 408.20 407.84 407.52 407.65 407.82 408.05 408.40 408.49 408.55 408.24 407.95 407.54 407.80 408.06 407.80
 408.08 408.08 408.18 407.96 404.62 400.69 398.33 401.64 405.29 407.65 407.33 407.38 407.58 407.89 407.93 407.86 407.54 407.48 407.32 407.37 408.22 409.00 408.82 408.30
 407.82 407.64 407.60 407.66 404.91 400.60 397.89 400.58 404.66 407.30 407.19 407.02 407.02 407.24 407.41 407.13 406.83 406.63 406.38 406.86 408.19 409.01 408.95 408.35
 407.35 407.09 407.25 407.33 405.83 403.67 401.88 403.62 405.73 407.24 407.07 406.68 406.32 406.49 406.73 406.83 406.72 406.50 406.17 406.39 407.08 408.04 408.25 407.78
 406.99 406.91 406.96 407.07 406.72 406.14 405.83 406.17 406.79 407.20 407.11 406.62 406.11 405.94 406.21 406.53 406.67 406.51 406.34 406.12 406.58 407.10 407.55 407.39
 407.03 406.95 407.00 406.99 406.97 406.96 406.94 406.97 407.04 407.17 407.16 406.92 406.38 405.98 405.91 406.25 406.56 406.73 406.69 406.80 406.83 407.11 407.27 407.20
 406.89 406.89 406.89 406.89 406.89 406.89 406.89 406.89 406.89 406.89 406.89 406.89 406.89 406.89 406.89 406.89 406.89 406.89 406.89 406.89 406.89 406.89 406.89 406.89
 414.42 414.42 414.42 414.42 414.42 414.42 414.42 414.42 414.42 414.42 414.42 414.42 414.42 414.42 414.42 414.42 414.42 414.42 414.42 414.42 414.42 414.42 414.42 414.42
 416.73 418.91 418.43 415.33 413.23 413.26 414.64 416.28 417.13 416.79 415.95 414.77 413.82 412.94 413.54 416.41 417.87 417.34 414.80 413.04 412.55 412.00 411.60 412.46
 420.57 425.33 423.74 414.36 411.99 412.01 413.09 415.39 416.80 416.80 415.33 414.17 413.33 412.66 412.61 414.35 417.41 417.89 416.72 415.42 413.14 411.78 411.43 412.28
 419.93 428.44 423.84 414.33 410.77 411.17 412.97 414.53 416.53 415.05 413.49 412.21 411.86 411.49 411.32 412.78 414.25 416.50 417.02 415.19 412.94 411.21 410.90 411.25
 415.78 418.55 418.36 410.25 408.48 410.17 412.09 414.39 414.11 412.94 410.81 410.20 410.05 410.11 410.52 411.60 412.67 414.24 414.70 413.86 411.45 410.31 410.26 410.40
 410.05 410.84 410.10 408.67 407.06 407.43 408.93 410.34 411.18 410.07 409.21 408.86 408.83 409.18 409.82 410.50 410.80 411.20 411.53 411.12 410.18 409.64 409.60 409.43
 408.09 407.42 406.95 407.19 406.18 405.02 404.22 406.13 407.92 408.90 408.30 408.05 407.99 408.42 408.60 408.57 408.01 408.32 408.99 409.28 409.39 409.46 409.21 408.73
 407.78 407.67 407.70 407.83 406.41 404.18 402.82 404.26 406.34 407.86 407.60 407.30 407.12 407.36 407.36 406.60 405.92 406.04 406.46 407.33 408.33 408.89 408.82 408.30
 407.21 406.97 407.08 407.10 406.38 405.42 404.58 405.49 406.53 407.25 407.18 406.77 406.30 406.41 406.31 406.03 405.66 405.63 405.64 406.02 406.73 407.78 408.08 407.65
 406.77 406.71 406.64 406.63 406.43 406.28 406.29 406.53 406.81 407.08 407.04 406.59 406.07 405.80 405.76 405.74 405.72 405.69 405.65 405.52 406.03 406.67 407.23 407.13
 406.76 406.74 406.76 406.65 406.53 406.60 406.75 406.86 406.91 407.04 407.07 406.85 406.31 405.84 405.60 405.66 405.81 405.97 405.99 406.09 406.22 406.58 406.81 406.82
 406.58 406.58 406.58 406.58 406.58 406.58 406.58 406.58 406.58 406.58 406.58 406.58 406.58 406.58 406.58 406.58 406.58 406.58 406.58 406.58 406.58 406.58 406.58 406.58
 416.29 416.29 416.29 416.29 416.29 416.29 416.29 416.29 416.29 416.29 416.29 416.29 416.29 416.29 416.29 416.29 416.29 416.29 416.29 416.29 416.29 416.29 416.29 416.29
 416.49 418.07 418.15 415.99 414.09 414.77 417.50 420.41 421.58 420.45 418.01 416.22 415.91 415.69 414.58 414.21 414.51 415.37 415.31 414.78 414.34 413.89 413.73 414.01
 420.85 424.87 424.05 414.60 411.59 411.97 414.33 417.63 419.67 419.06 417.12 415.39 415.09 414.68 413.81 413.50 414.81 415.80 415.66 414.68 413.49 413.24 413.26 413.49
 421.49 430.49 424.68 414.11 409.28 408.76 410.21 413.07 416.07 416.85 415.48 414.10 413.54 413.24 412.80 413.52 414.00 415.24 415.22 413.75 412.60 412.46 412.86 412.83
 418.31 420.90 420.02 410.03 406.59 406.45 406.16 408.57 412.46 414.11 413.23 412.38 411.79 411.60 412.20 412.99 413.52 413.83 413.81 413.04 411.89 411.67 412.12 412.19
 411.04 411.82 410.68 408.96 406.23 404.14 402.77 405.21 408.66 411.24 411.16 410.65 410.19 410.52 411.16 411.74 411.47 411.55 411.87 411.91 411.35 410.81 410.63 410.45
 408.02 407.30 407.12 407.78 406.11 403.39 401.42 403.62 407.06 409.21 409.31 408.96 408.89 409.44 409.91 409.92 409.19 409.23 409.94 410.42 410.32 409.91 409.41 408.76
 407.29 407.26 407.58 408.08 406.45 403.61 401.85 403.56 406.06 407.87 407.73 407.65 407.63 408.05 408.43 408.03 407.48 407.30 407.46 407.87 408.57 408.89 408.64 407.97
 406.86 406.65 406.75 406.77 406.01 405.04 404.03 404.94 406.07 406.83 406.97 406.86 406.61 406.91 407.21 407.36 407.10 406.67 405.97 405.93 406.60 407.62 407.90 407.39
 406.55 406.43 406.22 406.08 406.00 406.02 406.08 406.26 406.42 406.64 406.68 406.47 406.21 406.09 406.50 406.83 406.79 406.13 405.57 405.19 405.70 406.41 407.00 406.88
 406.55 406.54 406.48 406.36 406.37 406.52 406.63 406.66 406.64 406.67 406.68 406.58 406.25 406.00 406.04 406.30 406.25 405.91 405.70 405.70 405.85 406.26 406.55 406.56
 406.37 406.37 406.37 406.37 406.37 406.37 406.37 406.37 406.37 406.37 406.37 406.37 406.37 406.37 406.37 406.37 406.37 406.37 406.37 406.37 406.37 406.37 406.37 406.37
